[817, 956, 713]
[840, 970, 700]
[820, 972, 705]
[819, 964, 717]
[805, 968, 694]
[824, 999, 717]
[827, 971, 701]
[836, 985, 709]
[846, 959, 692]
[850, 968, 727]
[827, 968, 697]
[820, 974, 710]
[815, 1001, 706]
[813, 992, 720]
[817, 982, 693]
[819, 989, 734]
[842, 965, 690]
[827, 967, 703]
[827, 976, 699]
[817, 966, 694]
[885, 616, 881]
[866, 587, 886]
[875, 603, 867]
[899, 606, 895]
[869, 589, 888]
[866, 612, 882]
[861, 618, 890]
[845, 621, 869]
[879, 612, 891]
[881, 612, 866]
[870, 596, 892]
[853, 607, 912]
[867, 617, 847]
[877, 625, 887]
[916, 961, 102]
[917, 939, 90]
[936, 910, 131]
[912, 949, 113]
[914, 952, 120]
[890, 930, 101]
[882, 945, 101]
[926, 939, 125]
[896, 941, 95]
[921, 953, 86]
[911, 905, 119]
[895, 933, 114]
[922, 939, 103]
[905, 951, 104]
[882, 933, 101]
[922, 929, 103]
[890, 922, 99]
[918, 911, 120]
[911, 937, 105]
[905, 930, 117]
[403, 471, 851]
[418, 482, 875]
[435, 479, 886]
[400, 460, 857]
[405, 471, 872]
[389, 471, 886]
[369, 489, 888]
[395, 485, 882]
[379, 486, 876]
[403, 467, 883]
[389, 481, 851]
