[390, 819, 551]
[947, 469, 389]
[209, 641, 791]
[818, 728, 160]
[1104, 414, 846]
[965, 555, 281]
[757, 369, 565]
[605, 1025, 423]
[1146, 937, 228]
[638, 80, 719]
[894, 881, 559]
[670, 278, 548]
[943, 540, 961]
[1321, 598, 429]
[545, 452, 588]
[717, 411, 552]
[672, 426, 818]
[546, 667, 574]
[956, 831, 635]
[871, 440, 751]
[681, 719, 684]
[512, 528, 891]
[775, 656, 798]
[934, 450, 279]
[292, 542, 331]
[696, 464, 603]
[698, 512, 471]
[565, 571, 743]
[934, 180, 461]
[835, 734, 557]
[808, 929, 237]
[574, 1117, 476]
[891, 802, 546]
[215, 981, 48]
[742, 608, 146]
[503, 195, 474]
[730, 357, 258]
[849, 504, 546]
[597, 684, 320]
[781, 569, 193]
[403, 357, 276]
[599, 683, 92]
[367, 11, 433]
[949, 527, 272]
[542, 879, 187]
[538, 157, -210]
[460, 403, 443]
[885, -337, 171]
[748, 65, 409]
[383, 633, 449]
[634, 684, 96]
[724, 658, -104]
[863, 402, 0]
[1159, 373, -137]
[268, 511, 70]
[646, 700, 303]
[966, 535, 161]
[1052, 676, 321]
[710, 478, 363]
[617, 505, 234]
[516, 884, 107]
[435, 278, 74]
[588, 717, -37]
[672, 670, 128]
[685, 345, 243]
[404, 1076, 405]
[417, 934, 109]
[590, 925, 95]
[416, 1025, 440]
[742, 960, 335]
[710, 1084, 267]
[272, 610, 445]
[538, 588, 433]
[519, 1605, 381]
[717, 909, -43]
[626, 593, -58]
[304, 989, 7]
[687, 659, 351]
[577, 606, 93]
[281, 956, 405]
[552, 879, 648]
[409, 839, 498]
[458, 983, 519]
[274, 1006, 329]
[361, 684, 237]
[336, 982, 262]
[310, 822, 189]
[440, 987, 293]
[546, 1185, 500]
[590, 911, 279]
[342, 874, 540]
[326, 807, 60]
[721, 845, 455]
[396, 877, 518]
[608, 1168, 99]
[493, 624, 245]
[576, 592, 722]
[516, 607, 697]
[1016, 703, 371]
[919, 278, 280]
[633, 1089, 704]
[718, 663, 690]
[1344, 741, 653]
[929, 1056, -59]
[679, 754, 1091]
[249, 837, 740]
[974, 478, 663]
[661, 450, 878]
[850, 943, 845]
[525, 1040, 638]
[666, 1063, 774]
[864, 442, 864]
[731, 855, 776]
[817, 278, 873]
[593, 382, 844]
[448, 805, 645]
[597, 767, 657]
[372, 713, 730]
[733, 817, 688]
[637, 904, 730]
[680, 911, 915]
[905, 933, 888]
[1257, 704, 622]
[860, 372, 602]
[454, 418, 845]
[589, 750, 568]
[538, 924, 947]
[557, 608, 889]
[524, 507, 759]
