[825, 239, 381]
[825, 252, 362]
[775, 233, 373]
[845, 256, 360]
[828, 251, 387]
[864, 271, 373]
[842, 256, 360]
[811, 256, 381]
[839, 247, 388]
[836, 234, 363]
[840, 254, 365]
[849, 278, 384]
[838, 254, 359]
[801, 256, 383]
[572, 1, 94]
[567, 38, 100]
[511, 19, 71]
[554, 22, 91]
[569, 20, 80]
[561, 19, 100]
[568, 12, 90]
[545, 17, 80]
[540, 49, 74]
[563, 14, 96]
[544, 28, 98]
[549, 28, 76]
[557, 10, 97]
[537, 24, 95]
[534, 5, 83]
[543, -3, 119]
[547, 35, 64]
[573, 11, 70]
[532, 32, 101]
[519, 622, 631]
[524, 615, 624]
[532, 592, 638]
[525, 635, 625]
[510, 593, 625]
[504, 620, 645]
[515, 639, 639]
[525, 631, 642]
[517, 615, 630]
[512, 626, 656]
[526, 608, 626]
[515, 648, 646]
[525, 624, 632]
[494, 613, 612]
[485, 628, 632]
[505, 598, 639]
[679, 517, 779]
[703, 542, 759]
[659, 544, 755]
[673, 544, 749]
[670, 509, 748]
[693, 516, 745]
[661, 528, 755]
[654, 528, 755]
[663, 535, 753]
[673, 513, 765]
[688, 511, 743]
[662, 538, 742]
[677, 539, 765]
[685, 541, 754]
[664, 533, 768]
[702, 522, 770]
