[817, 257, 346]
[814, 240, 379]
[835, 262, 378]
[814, 236, 388]
[825, 230, 387]
[823, 245, 350]
[828, 249, 371]
[800, 226, 372]
[853, 256, 371]
[831, 260, 364]
[808, 243, 387]
[815, 245, 379]
[815, 239, 396]
[838, 246, 374]
[799, 245, 376]
[846, 235, 372]
[829, 261, 367]
[836, 270, 375]
[835, 233, 380]
[826, 257, 361]
[809, 253, 368]
[827, 261, 366]
[817, 255, 392]
[839, 269, 359]
[540, -5, 82]
[536, 20, 97]
[555, 30, 86]
[559, 11, 77]
[578, 9, 85]
[567, 47, 99]
[523, 16, 57]
[556, 1, 71]
[554, -3, 95]
[534, -19, 74]
[554, 9, 77]
[563, 25, 74]
[532, 642, 651]
[519, 646, 660]
[548, 629, 650]
[525, 649, 633]
[525, 658, 624]
[521, 627, 623]
[519, 625, 666]
[519, 642, 606]
[528, 616, 617]
[523, 660, 628]
[496, 621, 634]
[526, 617, 641]
[523, 623, 621]
[524, 619, 652]
[507, 621, 636]
[529, 623, 610]
[504, 633, 639]
[530, 634, 645]
[517, 634, 633]
[520, 631, 608]
[510, 633, 616]
[520, 643, 654]
[664, 523, 734]
[669, 534, 752]
[681, 509, 735]
[691, 546, 749]
[670, 541, 747]
[676, 526, 750]
[682, 534, 757]
[665, 532, 747]
[676, 527, 699]
[680, 530, 758]
[696, 571, 750]
[673, 498, 768]
[683, 520, 754]
[678, 542, 748]
[656, 523, 735]
[677, 526, 778]
