[846, 970, 701]
[816, 971, 714]
[827, 952, 728]
[791, 970, 722]
[828, 953, 723]
[818, 979, 714]
[815, 959, 715]
[821, 973, 697]
[811, 976, 695]
[813, 964, 698]
[829, 962, 693]
[808, 968, 700]
[821, 973, 711]
[826, 973, 716]
[795, 975, 700]
[849, 967, 696]
[863, 951, 740]
[828, 970, 725]
[804, 974, 718]
[812, 961, 702]
[818, 938, 701]
[820, 961, 712]
[823, 952, 720]
[805, 980, 704]
[876, 615, 890]
[851, 616, 888]
[890, 620, 880]
[871, 592, 860]
[879, 633, 902]
[900, 608, 881]
[874, 633, 895]
[877, 626, 890]
[851, 620, 882]
[834, 601, 910]
[860, 597, 889]
[873, 612, 870]
[872, 617, 870]
[853, 618, 879]
[858, 639, 888]
[888, 629, 910]
[932, 959, 115]
[908, 925, 93]
[900, 911, 90]
[934, 922, 94]
[908, 927, 121]
[905, 943, 114]
[912, 930, 95]
[889, 935, 76]
[930, 944, 111]
[910, 945, 109]
[918, 942, 123]
[911, 960, 101]
[924, 922, 107]
[916, 921, 111]
[395, 478, 869]
[392, 451, 888]
[378, 459, 899]
[406, 488, 889]
[419, 488, 877]
[386, 481, 904]
[412, 463, 875]
[398, 490, 878]
[396, 501, 885]
[391, 471, 883]
[413, 448, 883]
[394, 469, 868]
[424, 478, 877]
[399, 479, 873]
[425, 487, 873]
[415, 482, 896]
[415, 461, 859]
[414, 460, 872]
[403, 486, 886]
