[1451, -847]
[-316, 318]
[3393, 1662]
[-1746, 976]
[-2484, 1377]
[-52, 3606]
[-168, -2112]
[-60, 3018]
[1350, 29]
[88, 1987]
[-346, -913]
[222, 2266]
[561, -279]
[3322, 2295]
[892, 2275]
[1716, 1078]
[-954, 1175]
[1030, -161]
[-816, 384]
[-2638, 1065]
[2146, -428]
[-40, 339]
[-2235, 334]
[1307, -1523]
[-8, 657]
[-30, -1486]
[298, 212]
[-167, -959]
[597, 465, 271]
[582, 456, 273]
[608, 467, 290]
[590, 473, 272]
[613, 470, 268]
[591, 467, 289]
[611, 462, 263]
[581, 440, 280]
[605, 461, 291]
[602, 452, 281]
[600, 467, 259]
[606, 450, 258]
[616, 495, 276]
[616, 465, 279]
[585, 480, 277]
[811, 563, 570]
[806, 567, 572]
[822, 579, 568]
[796, 557, 588]
[786, 550, 581]
[794, 552, 581]
[791, 598, 579]
[812, 556, 583]
[812, 536, 549]
[783, 556, 581]
[812, 568, 564]
[799, 586, 570]
[796, 557, 576]
[790, 569, 572]
[807, 550, 562]
[803, 566, 592]
[610, 861, 211]
[584, 878, 203]
[605, 867, 213]
[620, 860, 175]
[628, 867, 205]
[619, 889, 186]
[613, 860, 229]
[595, 884, 201]
[616, 895, 212]
[619, 874, 189]
[619, 848, 205]
[602, 884, 184]
[614, 859, 210]
[616, 849, 208]
[619, 876, 190]
[633, 880, 189]
[620, 863, 203]
[619, 880, 211]
[948, 744, 312]
[947, 750, 309]
[945, 730, 333]
[939, 734, 314]
[939, 725, 315]
[969, 738, 300]
[955, 738, 334]
[939, 729, 307]
[937, 733, 326]
[937, 765, 325]
[949, 777, 322]
[946, 754, 332]
[949, 721, 344]
[953, 737, 309]
[921, 769, 341]
[934, 737, 343]
[932, 747, 327]
[943, 756, 319]
[942, 749, 328]
[756, 317, 296]
[791, 365, 316]
[788, 358, 298]
[774, 350, 309]
[767, 337, 301]
[800, 331, 254]
[784, 367, 290]
[791, 363, 301]
[768, 362, 319]
[774, 346, 299]
[754, 338, 305]
[768, 334, 304]
[772, 349, 333]
[305, 161, 185]
[300, 180, 203]
[312, 158, 194]
[309, 179, 205]
[304, 162, 214]
[268, 181, 214]
[322, 189, 175]
[315, 172, 196]
[311, 173, 174]
[283, 200, 201]
[324, 172, 205]
[309, 167, 178]
[308, 153, 202]
[293, 164, 190]
[732, 422, 760]
[736, 435, 759]
[695, 419, 778]
[724, 405, 774]
[741, 393, 766]
[731, 417, 763]
[742, 414, 769]
[738, 408, 786]
[731, 440, 736]
[692, 418, 766]
[721, 430, 758]
[742, 421, 750]
[738, 393, 768]
[736, 416, 757]
[709, 428, 765]
[744, 434, 759]
[719, 419, 757]
[716, 425, 765]
[727, 435, 748]
[714, 426, 764]
[725, 421, 779]
[731, 416, 765]
[742, 519, 638]
[720, 559, 625]
[753, 504, 628]
[722, 522, 654]
[709, 514, 653]
[754, 538, 625]
[719, 519, 617]
[722, 544, 633]
[726, 532, 649]
[721, 528, 614]
[748, 490, 630]
[750, 528, 629]
[751, 538, 622]
[716, 529, 625]
[733, 544, 613]
[729, 525, 624]
[155, 586, 924]
[145, 578, 959]
[165, 581, 920]
[178, 557, 930]
[143, 584, 932]
[157, 574, 937]
[159, 595, 962]
[129, 581, 942]
[157, 574, 938]
[139, 568, 925]
[145, 552, 942]
[921, 687, 946]
[940, 721, 947]
[929, 695, 908]
[950, 710, 926]
[953, 710, 933]
[929, 683, 943]
[952, 699, 942]
[952, 716, 921]
[962, 697, 918]
[938, 717, 933]
[964, 710, 911]
[958, 706, 933]
[938, 695, 927]
[277, 823, 729]
[302, 846, 728]
[305, 818, 720]
[289, 845, 688]
[296, 814, 720]
[303, 833, 694]
[281, 833, 727]
[255, 857, 752]
[287, 838, 725]
[302, 834, 726]
[275, 845, 744]
[296, 832, 714]
[273, 844, 728]
[293, 836, 729]
[276, 825, 727]
[261, 830, 757]
[291, 839, 708]
[129, 258, 602]
[111, 260, 595]
[121, 253, 568]
[110, 240, 574]
[130, 245, 607]
[110, 256, 595]
[90, 236, 616]
[96, 250, 606]
[102, 268, 564]
[103, 239, 600]
[94, 251, 567]
[75, 249, 616]
[125, 249, 629]
[488, 831, 225]
[482, 797, 206]
[480, 833, 212]
[460, 816, 228]
[450, 812, 218]
[466, 824, 189]
[461, 821, 210]
[477, 834, 192]
[460, 836, 194]
[448, 820, 187]
[458, 813, 185]
[468, 814, 200]
[471, 836, 195]
[451, 810, 209]
[486, 815, 211]
[451, 809, 200]
[467, 819, 222]
[461, 838, 212]
[477, 849, 221]
[460, 821, 208]
[466, 823, 186]
[453, 450, 357]
[464, 437, 338]
[453, 434, 363]
[491, 395, 322]
[463, 442, 343]
[447, 440, 335]
[429, 443, 343]
[432, 438, 356]
[463, 430, 363]
[462, 425, 338]
[455, 435, 337]
[468, 411, 365]
[466, 443, 353]
[479, 423, 346]
[468, 432, 343]
[466, 431, 341]
[634, 511, 284]
[627, 533, 302]
[683, 523, 296]
[634, 539, 301]
[657, 523, 289]
[628, 535, 313]
[631, 538, 322]
[638, 536, 305]
[647, 525, 327]
[609, 515, 314]
[617, 528, 281]
[606, 527, 307]
[632, 535, 306]
[638, 511, 290]
[634, 513, 310]
[625, 520, 334]
[626, 528, 306]
[621, 541, 313]
[618, 527, 313]
[621, 534, 312]
[122, 349, 980]
[119, 374, 997]
[137, 373, 964]
[143, 388, 999]
[156, 378, 996]
[145, 360, 1003]
[140, 353, 999]
[146, 375, 997]
[139, 396, 987]
[158, 371, 990]
[117, 376, 980]
[133, 408, 1012]
[876, 783, 661]
[874, 823, 645]
[873, 782, 673]
[900, 799, 637]
[907, 784, 654]
[895, 762, 683]
[902, 811, 661]
[877, 799, 660]
[879, 778, 660]
[862, 787, 646]
[865, 779, 635]
[878, 800, 643]
[869, 786, 669]
[879, 790, 652]
[872, 779, 667]
[876, 798, 684]
[876, 796, 664]
[461, 661, -18]
[488, 646, 13]
[482, 663, -2]
[481, 676, -8]
[475, 646, 4]
[465, 651, 3]
[462, 648, 7]
[485, 658, 3]
[463, 658, -19]
[451, 657, 16]
[467, 655, -20]
[470, 699, -10]
[483, 650, 3]
[469, 647, -7]
[478, 645, -30]
[477, 647, -3]
[473, 671, 9]
[450, 676, -21]
[463, 638, 15]
[392, 485, 553]
[404, 478, 581]
[375, 487, 537]
[411, 461, 554]
[392, 479, 546]
[399, 501, 561]
[389, 476, 551]
[377, 480, 561]
[413, 486, 545]
[412, 478, 542]
[407, 461, 567]
[157, 174, 885]
[159, 193, 907]
[135, 160, 901]
[174, 166, 900]
[128, 166, 899]
[115, 161, 939]
[152, 179, 914]
[138, 176, 934]
[112, 134, 913]
[135, 135, 898]
[129, 160, 933]
[172, 150, 907]
[150, 164, 895]
[123, 154, 902]
[154, 155, 898]
[155, 152, 912]
[143, 168, 915]
[433, 644, 512]
[471, 650, 539]
[432, 660, 525]
[463, 652, 539]
[441, 626, 529]
[418, 634, 543]
[463, 678, 542]
[442, 626, 496]
[434, 640, 526]
[437, 650, 516]
[402, 615, 531]
[446, 616, 523]
[435, 649, 533]
[452, 660, 548]
[484, 260, 105]
[487, 222, 147]
[501, 267, 133]
[503, 244, 170]
[500, 247, 132]
[507, 260, 154]
[478, 248, 111]
[507, 241, 105]
[502, 253, 136]
[515, 246, 159]
[496, 229, 141]
[504, 236, 146]
[522, 244, 138]
[498, 270, 143]
[482, 241, 147]
[487, 263, 118]
[521, 258, 147]
[496, 239, 145]
[665, 613, 709]
[678, 604, 713]
[706, 614, 708]
[688, 569, 703]
[679, 591, 707]
[674, 613, 713]
[688, 636, 731]
[682, 615, 696]
[700, 615, 726]
[680, 626, 705]
[683, 602, 724]
[703, 591, 713]
[683, 588, 703]
[698, 627, 705]
[672, 594, 726]
[658, 596, 713]
[709, 618, 694]
[861, 979, 962]
[876, 950, 941]
[865, 964, 945]
[879, 978, 939]
[881, 995, 946]
[856, 988, 928]
[879, 967, 899]
[872, 982, 949]
[871, 1002, 955]
[858, 990, 944]
[852, 971, 931]
[837, 993, 951]
[869, 996, 949]
[847, 998, 942]
[986, 943, 865]
[958, 945, 853]
[966, 927, 861]
[930, 934, 866]
[991, 935, 875]
[969, 931, 884]
[981, 943, 876]
[999, 950, 887]
[989, 941, 869]
[965, 914, 861]
[971, 946, 863]
[978, 945, 859]
[1002, 912, 881]
[289, 347, 512]
[288, 367, 509]
[317, 350, 479]
[280, 350, 524]
[295, 329, 487]
[312, 343, 501]
[294, 349, 501]
[330, 347, 525]
[298, 361, 494]
[298, 353, 509]
[291, 348, 486]
[300, 349, 510]
[298, 316, 526]
[298, 349, 508]
[296, 359, 493]
[303, 354, 522]
[292, 343, 484]
[302, 346, 509]
[310, 945, 500]
[281, 951, 485]
[325, 942, 493]
[310, 965, 504]
[301, 966, 490]
[322, 942, 510]
[326, 947, 514]
[291, 943, 499]
[335, 940, 494]
[330, 978, 484]
[302, 956, 523]
[322, 964, 494]
[297, 938, 506]
[300, 961, 480]
[316, 943, 492]
[332, 952, 482]
[887, 449, 846]
[880, 430, 845]
[875, 441, 833]
[908, 434, 841]
[909, 447, 838]
[897, 437, 827]
[877, 450, 845]
[917, 460, 842]
[877, 436, 848]
[900, 427, 852]
[901, 472, 845]
[902, 451, 836]
[909, 438, 822]
[888, 443, 826]
[918, 433, 832]
[832, 154, 917]
[853, 156, 921]
[863, 137, 917]
[867, 140, 898]
[876, 161, 925]
[848, 140, 900]
[883, 158, 876]
[897, 175, 905]
[887, 168, 907]
[875, 156, 946]
[892, 161, 887]
[880, 137, 897]
[876, 175, 904]
[891, 147, 909]
[849, 144, 911]
[872, 135, 889]
[198, 443, 697]
[201, 432, 704]
[182, 413, 688]
[188, 437, 692]
[200, 422, 657]
[189, 450, 671]
[163, 438, 679]
[178, 448, 672]
[198, 439, 692]
[168, 432, 653]
[203, 399, 650]
[170, 436, 674]
[198, 434, 690]
[200, 448, 681]
[190, 440, 665]
[195, 422, 676]
[892, 702, 432]
[870, 704, 429]
[891, 679, 439]
[874, 691, 424]
[889, 681, 413]
[887, 701, 427]
[862, 695, 409]
[879, 724, 434]
[892, 731, 418]
[872, 686, 415]
[864, 718, 426]
[870, 709, 434]
[885, 705, 449]
[860, 705, 413]
[874, 708, 397]
[901, 701, 441]
[792, 136, 996]
[748, 123, 982]
[780, 145, 993]
[768, 122, 980]
[763, 144, 986]
[768, 136, 989]
[769, 118, 982]
[757, 140, 1004]
[772, 129, 1011]
[772, 164, 967]
[770, 139, 973]
[784, 144, 981]
[810, 124, 996]
[769, 137, 984]
[778, 146, 996]
[800, 120, 1001]
[782, 125, 984]
[779, 142, 970]
[817, 105, 1003]
[783, 129, 979]
[795, 167, 993]
[783, 134, 977]
[327, 173, 898]
[391, 147, 901]
[347, 158, 898]
[377, 155, 906]
[378, 158, 875]
[380, 146, 891]
[331, 132, 910]
[366, 150, 869]
[366, 157, 873]
[362, 172, 907]
[331, 143, 884]
[383, 161, 894]
[372, 135, 898]
[361, 163, 914]
[349, 158, 906]
[374, 148, 900]
[369, 136, 904]
[362, 167, 893]
[354, 142, 910]
[372, 158, 913]
[368, 149, 916]
[181, 819, 320]
[167, 840, 317]
[172, 831, 325]
[135, 849, 314]
[158, 848, 300]
[181, 829, 308]
[172, 811, 312]
[172, 822, 313]
[193, 820, 313]
[175, 837, 327]
[174, 822, 304]
[152, 837, 303]
[151, 845, 303]
[177, 845, 335]
[182, 828, 330]
[201, 810, 320]
[199, 833, 344]
[178, 840, 305]
[168, 834, 320]
[166, 805, 300]
[247, 101, 1005]
[254, 70, 978]
[244, 88, 1000]
[236, 73, 993]
[232, 63, 986]
[266, 73, 1040]
[266, 81, 1001]
[258, 62, 975]
[242, 77, 989]
[273, 56, 976]
[250, 73, 991]
[232, 46, 1028]
[242, 98, 992]
[244, 66, 1011]
[246, 674, 457]
[188, 643, 442]
[189, 651, 473]
[211, 644, 433]
[195, 635, 469]
[176, 627, 422]
[208, 627, 449]
[224, 650, 452]
[201, 633, 443]
[191, 651, 456]
[214, 656, 445]
[207, 624, 447]
[187, 656, 447]
[215, 663, 435]
[209, 637, 453]
[194, 648, 469]
[179, 636, 448]
[208, 639, 453]
[196, 650, 451]
[200, 634, 461]
[198, 655, 455]
[197, 643, 456]
[205, 664, 456]
[472, 354, 670]
[500, 335, 691]
[443, 360, 670]
[430, 359, 682]
[479, 337, 677]
[485, 355, 680]
[450, 344, 668]
[461, 356, 689]
[463, 354, 680]
[472, 346, 678]
[470, 341, 681]
[463, 366, 681]
[472, 387, 680]
[478, 334, 666]
[470, 344, 680]
[470, 358, 680]
[486, 348, 668]
[458, 369, 669]
[719, 380, 323]
[713, 405, 339]
[708, 403, 336]
[711, 397, 336]
[730, 376, 332]
[721, 402, 329]
[712, 402, 326]
[709, 399, 341]
[731, 401, 342]
[722, 377, 343]
[725, 398, 357]
[714, 383, 341]
[723, 399, 361]
[725, 383, 333]
[949, 835, 599]
[957, 813, 572]
[974, 837, 581]
[974, 826, 568]
[966, 830, 587]
[975, 822, 596]
[961, 855, 603]
[952, 835, 607]
[963, 830, 580]
[946, 835, 579]
[944, 852, 567]
[958, 849, 569]
[917, 850, 608]
[973, 842, 620]
[963, 840, 577]
[962, 803, 596]
[969, 837, 572]
[972, 842, 600]
[71, 192, 687]
[56, 198, 671]
[97, 232, 654]
[79, 193, 663]
[71, 200, 660]
[54, 214, 628]
[76, 181, 667]
[81, 196, 661]
[76, 162, 660]
[70, 190, 667]
[41, 199, 656]
[56, 202, 650]
[42, 181, 663]
[52, 178, 643]
[66, 189, 685]
[69, 204, 663]
[227, 794, 490]
[218, 762, 499]
[232, 791, 508]
[224, 814, 524]
[251, 788, 497]
[253, 782, 499]
[218, 782, 515]
[229, 797, 485]
[231, 789, 513]
[215, 778, 514]
[255, 796, 495]
[266, 805, 522]
[223, 806, 520]
[243, 784, 524]
[235, 802, 519]
[241, 757, 497]
[256, 793, 507]
[222, 793, 509]
[240, 789, 507]
[228, 779, 520]
[243, 788, 515]
[216, 803, 497]
[795, 762, 137]
[835, 791, 167]
[807, 757, 141]
[773, 753, 144]
[787, 754, 145]
[798, 754, 144]
[801, 741, 133]
[806, 768, 139]
[814, 766, 145]
[816, 759, 175]
[783, 768, 145]
[785, 762, 149]
[787, 762, 152]
[764, 430, 166]
[748, 450, 181]
[749, 378, 192]
[763, 406, 180]
[745, 446, 162]
[751, 410, 224]
[745, 431, 175]
[761, 452, 181]
[780, 428, 167]
[755, 430, 193]
[768, 405, 175]
[765, 417, 195]
[762, 433, 194]
[770, 409, 180]
[734, 440, 176]
[522, 155, 902]
[502, 133, 901]
[494, 136, 902]
[488, 137, 904]
[532, 144, 898]
[496, 150, 880]
[513, 127, 895]
[523, 140, 902]
[516, 129, 895]
[504, 144, 903]
[484, 115, 914]
[487, 142, 896]
[514, 133, 871]
[544, 814, 269]
[610, 804, 277]
[555, 810, 275]
[559, 837, 294]
[552, 811, 288]
[575, 830, 295]
[566, 817, 286]
[551, 805, 290]
[601, 827, 305]
[570, 813, 252]
[555, 815, 290]
[570, 801, 273]
[328, 72, 718]
[341, 81, 718]
[323, 90, 708]
[340, 73, 712]
[340, 111, 731]
[350, 58, 712]
[348, 102, 718]
[338, 80, 713]
[352, 75, 727]
[337, 72, 718]
[352, 64, 726]
[324, 79, 717]
[335, 100, 698]
[337, 42, 726]
[349, 81, 701]
[346, 56, 692]
[341, 71, 700]
[373, 90, 714]
[835, 263, 100]
[828, 289, 81]
[850, 276, 80]
[836, 281, 74]
[820, 245, 81]
[842, 282, 68]
[835, 291, 71]
[853, 292, 61]
[843, 274, 78]
[836, 274, 58]
[826, 293, 72]
[850, 286, 57]
[812, 300, 89]
[844, 287, 65]
[861, 280, 72]
[827, 295, 89]
[615, 930, 658]
[647, 928, 656]
[655, 941, 670]
[680, 945, 681]
[647, 937, 671]
[618, 918, 666]
[652, 931, 683]
[646, 950, 652]
[640, 929, 678]
[652, 924, 669]
[649, 904, 663]
[631, 919, 650]
[687, 908, 673]
[659, 937, 694]
[643, 912, 655]
[653, 896, 680]
[673, 917, 672]
[965, 913, 73]
[974, 860, 88]
[980, 870, 94]
[963, 848, 122]
[958, 892, 81]
[981, 892, 95]
[971, 881, 89]
[970, 864, 78]
[985, 859, 87]
[986, 885, 95]
[990, 894, 78]
[953, 870, 81]
[1002, 879, 106]
[946, 867, 93]
[1000, 871, 86]
[976, 849, 71]
[990, 840, 113]
[984, 865, 99]
[975, 840, 64]
[964, 875, 91]
[957, 882, 83]
[974, 866, 96]
[978, 857, 94]
[958, 858, 99]
[964, 869, 83]
[698, 113, 268]
[668, 122, 248]
[702, 113, 255]
[722, 121, 238]
[704, 132, 258]
[691, 140, 246]
[732, 141, 274]
[698, 127, 216]
[708, 107, 251]
[691, 138, 263]
[709, 153, 262]
[711, 129, 242]
[701, 125, 249]
[708, 103, 259]
[690, 124, 248]
[694, 105, 274]
[685, 107, 277]
[720, 148, 242]
[716, 132, 252]
[715, 125, 244]
[836, 370, 281]
[867, 353, 288]
[812, 362, 278]
[855, 364, 296]
[822, 371, 298]
[851, 346, 288]
[829, 360, 287]
[846, 355, 284]
[847, 371, 295]
[830, 358, 290]
[832, 357, 300]
[846, 356, 266]
[855, 371, 275]
[837, 347, 284]
[840, 365, 286]
[848, 366, 279]
[857, 368, 282]
[846, 390, 285]
[360, 194, 149]
[370, 187, 150]
[369, 193, 142]
[359, 195, 143]
[390, 186, 168]
[362, 181, 153]
[356, 179, 144]
[369, 178, 148]
[360, 177, 132]
[362, 189, 143]
[372, 187, 143]
[353, 192, 151]
[338, 166, 158]
[361, 167, 158]
[372, 179, 141]
[353, 190, 154]
[368, 155, 151]
[378, 173, 144]
[365, 190, 145]
[368, 177, 133]
[362, 174, 156]
[352, 175, 146]
[841, 911, 21]
[784, 902, 9]
[800, 908, 12]
[815, 933, 10]
[809, 939, 38]
[800, 919, 1]
[784, 921, 0]
[802, 915, 18]
[802, 909, 18]
[224, 221, 374]
[205, 240, 388]
[192, 243, 377]
[203, 231, 382]
[233, 239, 389]
[219, 230, 406]
[207, 218, 408]
[208, 212, 391]
[225, 203, 387]
[214, 213, 391]
[226, 216, 375]
[867, 370, 754]
[865, 360, 732]
[867, 349, 738]
[886, 380, 776]
[881, 338, 761]
[887, 361, 759]
[855, 377, 740]
[878, 360, 741]
[897, 390, 770]
[883, 351, 745]
[858, 352, 753]
[895, 335, 750]
[853, 378, 759]
[892, 361, 758]
[863, 362, 772]
[54, 598, 272]
[43, 581, 261]
[63, 596, 282]
[39, 581, 298]
[33, 580, 282]
[46, 606, 274]
[31, 587, 292]
[19, 625, 303]
[45, 583, 252]
[62, 601, 266]
[45, 607, 270]
[49, 589, 292]
[57, 606, 270]
[39, 589, 276]
[53, 605, 273]
[28, 595, 275]
[19, 586, 273]
[241, 251, 1003]
[270, 229, 996]
[276, 237, 1000]
[218, 236, 988]
[238, 247, 988]
[250, 256, 1006]
[232, 246, 991]
[245, 259, 1026]
[240, 231, 996]
[267, 243, 993]
[245, 268, 968]
[224, 245, 977]
[890, 86, 901]
[886, 81, 868]
[894, 85, 863]
[908, 80, 887]
[909, 71, 873]
[921, 85, 882]
[905, 98, 873]
[898, 68, 872]
[889, 85, 902]
[927, 77, 856]
[909, 91, 880]
[902, 75, 863]
[896, 72, 877]
[930, 85, 877]
[885, 85, 879]
[910, 80, 858]
[891, 75, 880]
[485, 261, 968]
[488, 240, 964]
[451, 228, 985]
[474, 210, 971]
[482, 235, 993]
[491, 230, 981]
[470, 237, 983]
[468, 228, 948]
[481, 242, 987]
[464, 243, 993]
[475, 227, 990]
[466, 227, 991]
[982, 708, 431]
[963, 744, 425]
[968, 708, 457]
[943, 723, 439]
[976, 718, 458]
[979, 707, 426]
[994, 705, 449]
[978, 719, 424]
[984, 707, 461]
[988, 735, 460]
[960, 714, 431]
[983, 699, 445]
[970, 712, 448]
[981, 731, 441]
[207, 503, 335]
[194, 511, 341]
[195, 509, 332]
[207, 484, 334]
[210, 495, 338]
[200, 468, 335]
[214, 502, 356]
[227, 522, 335]
[207, 499, 344]
[187, 492, 350]
[208, 493, 360]
[223, 505, 316]
[209, 504, 339]
[248, 523, 311]
[216, 538, 352]
[198, 520, 325]
[250, 517, 326]
[421, 973, 642]
[435, 981, 651]
[438, 975, 629]
[445, 937, 637]
[401, 998, 653]
[479, 965, 628]
[442, 992, 657]
[438, 996, 631]
[426, 1001, 672]
[430, 1004, 635]
[446, 994, 646]
[467, 1004, 654]
[450, 989, 642]
[457, 1009, 635]
[439, 999, 617]
[441, 992, 644]
[433, 993, 639]
[519, 820, 981]
[497, 833, 1011]
[527, 795, 1008]
[518, 791, 993]
[507, 787, 998]
[486, 807, 989]
[497, 800, 967]
[505, 795, 970]
[504, 786, 996]
[492, 792, 980]
[508, 784, 991]
[498, 791, 999]
[523, 814, 979]
[915, 612, 398]
[907, 606, 392]
[902, 596, 384]
[893, 618, 408]
[901, 608, 424]
[915, 620, 416]
[889, 612, 420]
[902, 620, 402]
[902, 623, 417]
[896, 597, 435]
[898, 593, 426]
[906, 596, 420]
[896, 603, 411]
[916, 587, 412]
[219, 554, 358]
[197, 535, 327]
[216, 514, 344]
[251, 502, 363]
[220, 543, 362]
[233, 522, 360]
[253, 568, 383]
[215, 562, 327]
[232, 537, 338]
[233, 538, 366]
[218, 563, 371]
[230, 524, 316]
[226, 537, 335]
[263, 536, 376]
[240, 569, 346]
[234, 532, 356]
[214, 553, 335]
[242, 523, 351]
[208, 559, 332]
[773, 909, 761]
[789, 898, 766]
[797, 919, 763]
[799, 897, 774]
[770, 884, 775]
[788, 891, 764]
[762, 897, 753]
[804, 936, 766]
[818, 900, 771]
[790, 917, 775]
[779, 899, 742]
[792, 912, 758]
[777, 911, 749]
[817, 889, 754]
[802, 919, 765]
[801, 930, 746]
[776, 932, 747]
[310, 236, 436]
[332, 235, 431]
[330, 230, 437]
[323, 286, 427]
[322, 225, 427]
[313, 212, 449]
[323, 241, 446]
[312, 262, 413]
[314, 258, 427]
[348, 239, 439]
[329, 243, 438]
[321, 240, 433]
[300, 252, 411]
[326, 237, 441]
[343, 235, 426]
[299, 237, 431]
[307, 198, 430]
[338, 237, 421]
[334, 231, 410]
[337, 252, 423]
[315, 241, 424]
[460, 893, 366]
[458, 921, 357]
[481, 948, 367]
[480, 960, 362]
[462, 930, 359]
[463, 957, 358]
[461, 932, 381]
[477, 939, 374]
[455, 933, 349]
[454, 950, 370]
[459, 932, 349]
[449, 975, 340]
[424, 946, 349]
[659, 462, 754]
[644, 463, 760]
[659, 466, 740]
[658, 481, 765]
[681, 445, 737]
[652, 465, 734]
[631, 428, 742]
[650, 439, 765]
[642, 462, 728]
[681, 457, 742]
[636, 445, 745]
[645, 480, 747]
[665, 450, 740]
[664, 439, 758]
[675, 467, 750]
[659, 455, 747]
[658, 457, 744]
[637, 953, 108]
[631, 943, 93]
[603, 960, 94]
[608, 976, 104]
[633, 978, 89]
[597, 954, 84]
[626, 944, 50]
[646, 954, 95]
[580, 958, 82]
[605, 957, 83]
[619, 954, 99]
[626, 971, 100]
[621, 954, 83]
[618, 941, 62]
[612, 961, 83]
[619, 964, 91]
[611, 973, 84]
[618, 965, 95]
[630, 977, 76]
[632, 941, 81]
[620, 973, 52]
[347, 803, 110]
[324, 793, 125]
[338, 798, 149]
[327, 786, 119]
[345, 816, 135]
[329, 804, 132]
[338, 790, 120]
[344, 796, 131]
[320, 811, 121]
[328, 800, 113]
[315, 802, 128]
[322, 821, 88]
[823, 573, 507]
[771, 551, 533]
[811, 555, 502]
[803, 548, 495]
[770, 547, 513]
[809, 542, 512]
[786, 580, 488]
[828, 532, 499]
[801, 546, 482]
[813, 564, 525]
[818, 585, 505]
[782, 550, 504]
[777, 553, 506]
[797, 556, 506]
[800, 548, 500]
[782, 560, 495]
[169, 422, 863]
[187, 410, 831]
[178, 406, 885]
[169, 398, 894]
[168, 422, 843]
[140, 429, 885]
[179, 426, 908]
[156, 408, 846]
[179, 423, 859]
[176, 412, 869]
[142, 417, 858]
[181, 429, 855]
[159, 406, 873]
[154, 436, 881]
[175, 411, 859]
[198, 422, 853]
[136, 439, 879]
[141, 416, 858]
[160, 431, 854]
[139, 417, 865]
[749, 302, 977]
[720, 290, 981]
[729, 275, 998]
[721, 265, 973]
[729, 273, 962]
[738, 297, 986]
[763, 285, 981]
[715, 305, 991]
[752, 290, 975]
[742, 272, 978]
[752, 273, 943]
[733, 276, 973]
[754, 289, 965]
[749, 270, 978]
[747, 295, 976]
[960, 352, 416]
[943, 370, 417]
[953, 372, 427]
[947, 344, 457]
[959, 365, 434]
[965, 355, 418]
[959, 372, 437]
[938, 344, 404]
[954, 391, 415]
[969, 390, 424]
[972, 329, 434]
[985, 366, 448]
[955, 357, 434]
[944, 341, 418]
[953, 361, 440]
[965, 348, 441]
[793, 937, 792]
[822, 960, 800]
[805, 955, 817]
[787, 948, 788]
[805, 942, 796]
[799, 934, 818]
[770, 946, 813]
[801, 975, 805]
[791, 963, 796]
[779, 954, 814]
[779, 954, 800]
[819, 938, 797]
[122, 124, 919]
[137, 134, 892]
[113, 140, 941]
[126, 109, 933]
[155, 118, 940]
[119, 151, 934]
[148, 129, 900]
[114, 135, 904]
[137, 137, 891]
[113, 135, 928]
[148, 138, 925]
[426, 769, 295]
[413, 793, 281]
[426, 746, 296]
[437, 783, 287]
[416, 776, 282]
[412, 773, 272]
[422, 788, 281]
[423, 771, 291]
[439, 765, 284]
[454, 754, 272]
[435, 764, 298]
[424, 765, 259]
[431, 759, 262]
[438, 782, 289]
[430, 771, 268]
[429, 791, 315]
[486, 176, 685]
[454, 189, 698]
[476, 212, 697]
[481, 170, 692]
[500, 199, 691]
[478, 199, 704]
[504, 216, 692]
[487, 194, 683]
[89, 870, 920]
[89, 861, 928]
[76, 865, 919]
[91, 852, 934]
[76, 879, 956]
[61, 857, 927]
[78, 859, 923]
[117, 862, 935]
[82, 865, 940]
[100, 851, 943]
[90, 859, 926]
[101, 872, 933]
[79, 862, 911]
[71, 857, 936]
[90, 871, 947]
[90, 877, 939]
[78, 876, 937]
[78, 855, 930]
[955, 937, 862]
[961, 954, 863]
[962, 949, 866]
[987, 981, 870]
[963, 955, 890]
[959, 955, 877]
[960, 948, 848]
[956, 937, 865]
[952, 964, 878]
[954, 947, 872]
[965, 965, 841]
[942, 969, 864]
[974, 978, 868]
[965, 966, 888]
[953, 953, 884]
[477, 20, 531]
[473, 32, 546]
[477, 26, 545]
[462, 34, 551]
[465, 15, 539]
[460, 17, 540]
[462, -16, 527]
[443, -11, 566]
[491, 22, 531]
[461, 10, 502]
[466, 3, 542]
[482, 5, 508]
[465, 18, 548]
[490, 10, 537]
[472, -7, 564]
[455, 6, 524]
[492, 20, 520]
[467, 26, 543]
[484, -9, 539]
[463, -24, 521]
[458, 33, 506]
[454, 8, 510]
[462, -7, 533]
[906, 750, 525]
[893, 781, 514]
[894, 764, 537]
[918, 770, 561]
[898, 782, 546]
[935, 781, 507]
[884, 769, 536]
[922, 786, 551]
[896, 768, 519]
[905, 775, 533]
[926, 769, 502]
[912, 772, 549]
[937, 774, 537]
[915, 757, 544]
[925, 787, 529]
[912, 772, 545]
[940, 775, 525]
[907, 763, 552]
[918, 765, 512]
[916, 773, 520]
[902, 744, 525]
[918, 779, 539]
[452, 957, 958]
[456, 936, 972]
[447, 977, 982]
[457, 954, 942]
[470, 971, 958]
[471, 953, 960]
[428, 950, 931]
[459, 955, 932]
[446, 965, 954]
[433, 942, 963]
[461, 964, 969]
[440, 984, 952]
[438, 970, 945]
[459, 970, 966]
[456, 970, 946]
[441, 969, 978]
[435, 951, 948]
[132, 957, 744]
[137, 968, 711]
[122, 955, 723]
[132, 953, 735]
[148, 958, 713]
[167, 953, 721]
[118, 960, 765]
[117, 966, 742]
[113, 990, 713]
[135, 932, 727]
[130, 947, 720]
[143, 922, 732]
[158, 962, 728]
[141, 932, 739]
[123, 966, 719]
[137, 936, 724]
[123, 957, 733]
[131, 948, 727]
[751, 602, 849]
[757, 578, 850]
[740, 603, 862]
[790, 585, 839]
[744, 570, 847]
[739, 594, 828]
[731, 581, 832]
[766, 610, 859]
[737, 578, 845]
[727, 572, 820]
[739, 587, 832]
[741, 614, 827]
[766, 589, 871]
[751, 600, 820]
[734, 596, 835]
[735, 584, 852]
[733, 598, 839]
[722, 584, 862]
[754, 579, 835]
[760, 575, 853]
[572, 320, 628]
[564, 340, 610]
[583, 322, 623]
[569, 316, 611]
[542, 323, 595]
[563, 352, 615]
[583, 308, 641]
[604, 328, 600]
[584, 304, 617]
[596, 316, 611]
[587, 331, 597]
[581, 314, 633]
[604, 369, 617]
[578, 310, 605]
[589, 321, 602]
[567, 276, 641]
[569, 312, 608]
[612, 317, 612]
[562, 320, 614]
[610, 330, 602]
[590, 312, 621]
[619, 320, 614]
[568, 300, 604]
[582, 321, 605]
[326, 998, 271]
[299, 963, 248]
[332, 996, 247]
[355, 968, 213]
[342, 996, 218]
[333, 1013, 241]
[342, 978, 244]
[339, 973, 219]
[311, 1008, 246]
[344, 996, 231]
[335, 986, 230]
[334, 1009, 233]
[331, 1003, 237]
[320, 995, 275]
[335, 995, 246]
[352, 1009, 228]
[314, 994, 259]
[344, 980, 227]
[366, 994, 245]
[327, 984, 260]
[329, 968, 229]
[45, 385, 137]
[65, 397, 146]
[49, 374, 104]
[69, 372, 124]
[38, 399, 120]
[15, 371, 131]
[69, 356, 141]
[45, 358, 150]
[56, 384, 153]
[12, 364, 126]
[30, 389, 128]
[27, 382, 135]
[60, 381, 156]
[59, 366, 152]
[147, 718, 519]
[145, 699, 532]
[168, 702, 532]
[159, 725, 533]
[179, 727, 525]
[142, 733, 538]
[138, 722, 565]
[135, 722, 504]
[127, 704, 517]
[131, 724, 538]
[178, 694, 547]
[144, 737, 520]
[132, 727, 517]
[108, 743, 523]
[146, 734, 533]
[147, 722, 499]
[154, 705, 535]
[144, 736, 542]
[162, 722, 516]
[264, 137, 707]
[258, 163, 737]
[270, 153, 739]
[255, 152, 739]
[284, 134, 756]
[258, 144, 729]
[255, 134, 742]
[240, 175, 728]
[277, 140, 743]
[261, 118, 764]
[257, 146, 772]
[245, 123, 742]
[230, 142, 760]
[258, 146, 730]
[276, 120, 745]
[222, 138, 737]
[253, 117, 747]
[243, 148, 734]
[256, 737, 64]
[255, 757, 73]
[229, 744, 72]
[227, 767, 83]
[258, 757, 85]
[214, 752, 82]
[230, 754, 83]
[244, 750, 35]
[229, 733, 104]
[227, 760, 94]
[233, 740, 72]
[255, 739, 67]
[234, 761, 68]
[232, 773, 76]
[232, 750, 91]
[236, 760, 69]
[205, 763, 58]
[238, 747, 69]
[261, 758, 62]
[258, 425, 109]
[256, 406, 128]
[225, 431, 111]
[264, 416, 114]
[233, 423, 107]
[228, 412, 115]
[220, 398, 108]
[219, 413, 114]
[227, 423, 136]
[226, 404, 124]
[246, 397, 117]
[395, 132, 809]
[411, 104, 776]
[390, 138, 784]
[400, 146, 780]
[380, 135, 773]
[398, 139, 814]
[386, 111, 767]
[392, 158, 783]
[380, 111, 766]
[374, 139, 783]
[384, 129, 759]
[404, 145, 797]
[386, 117, 783]
[378, 134, 782]
[373, 132, 793]
[408, 128, 813]
[361, 146, 783]
[384, 151, 780]
[128, 807, 765]
[144, 817, 779]
[127, 813, 792]
[118, 802, 797]
[133, 798, 797]
[167, 804, 794]
[175, 822, 788]
[129, 800, 768]
[148, 798, 805]
[124, 797, 797]
[152, 805, 791]
[115, 783, 794]
[-14, 611, 502]
[7, 619, 518]
[13, 569, 505]
[12, 565, 538]
[8, 547, 553]
[10, 577, 479]
[9, 580, 529]
[9, 575, 505]
[5, 592, 524]
[-4, 604, 522]
[25, 574, 513]
[-30, 578, 509]
[-26, 590, 518]
[10, 572, 509]
[16, 554, 508]
[21, 574, 520]
[16, 558, 500]
[-8, 532, 510]
[-3, 574, 507]
[-1, 572, 533]
[933, 171, 663]
[890, 173, 631]
[898, 173, 671]
[934, 177, 682]
[889, 182, 676]
[906, 173, 665]
[901, 135, 664]
[899, 175, 677]
[918, 190, 661]
[910, 176, 679]
[872, 164, 675]
[906, 183, 654]
[935, 173, 644]
[908, 179, 688]
[896, 175, 659]
[928, 182, 671]
[903, 163, 654]
[921, 165, 677]
[454, 933, 83]
[428, 930, 102]
[438, 935, 71]
[455, 941, 110]
[486, 927, 110]
[464, 919, 71]
[453, 942, 105]
[460, 927, 77]
[461, 903, 74]
[437, 898, 73]
[435, 931, 79]
[438, 911, 76]
[450, 921, 67]
[473, 943, 71]
[476, 920, 87]
[460, 929, 91]
[474, 923, 89]
[438, 923, 71]
[479, 914, 99]
[71, 240, 820]
[67, 258, 803]
[73, 248, 825]
[53, 247, 818]
[85, 238, 794]
[78, 222, 814]
[61, 242, 841]
[70, 266, 820]
[65, 253, 803]
[60, 253, 824]
[76, 248, 806]
[72, 250, 831]
[76, 265, 792]
[868, 841, 395]
[855, 816, 379]
[874, 831, 398]
[858, 842, 390]
[856, 841, 414]
[887, 842, 373]
[874, 821, 385]
[840, 849, 425]
[839, 813, 399]
[854, 832, 402]
[853, 848, 412]
[865, 849, 382]
[893, 845, 378]
[882, 840, 382]
[858, 820, 392]
[866, 828, 381]
[874, 854, 390]
[862, 846, 415]
[871, 856, 419]
[874, 853, 401]
[873, 855, 392]
[179, -7, 486]
[171, 0, 512]
[175, -24, 514]
[178, -2, 527]
[177, 15, 505]
[160, -1, 504]
[187, -2, 510]
[175, -4, 509]
[318, 550, 591]
[313, 557, 608]
[326, 535, 615]
[308, 544, 612]
[311, 554, 616]
[296, 533, 586]
[313, 512, 618]
[316, 567, 616]
[301, 532, 608]
[304, 530, 610]
[318, 508, 617]
[336, 537, 634]
[319, 526, 620]
[321, 545, 624]
[864, 457, 658]
[847, 428, 652]
[869, 447, 648]
[864, 432, 653]
[870, 431, 640]
[838, 444, 656]
[838, 439, 642]
[854, 456, 669]
[855, 449, 637]
[857, 455, 639]
[863, 438, 650]
[822, 422, 641]
[840, 432, 656]
[855, 416, 648]
[839, 446, 622]
[860, 436, 641]
[858, 426, 647]
[856, 433, 643]
[154, 657, 638]
[141, 652, 630]
[157, 663, 649]
[126, 661, 638]
[130, 654, 631]
[141, 633, 625]
[164, 652, 633]
[140, 674, 646]
[141, 660, 628]
[145, 650, 637]
[145, 645, 638]
[163, 663, 644]
[139, 657, 674]
[157, 661, 629]
[137, 649, 624]
[153, 637, 640]
[158, 663, 652]
[788, 595, 240]
[802, 604, 253]
[799, 605, 284]
[794, 594, 248]
[795, 589, 255]
[789, 608, 265]
[820, 587, 233]
[812, 606, 243]
[810, 604, 253]
[794, 593, 276]
[808, 580, 263]
[799, 570, 264]
[815, 588, 275]
[810, 616, 275]
[789, 602, 258]
[809, 610, 252]
[800, 609, 254]
[65, 36, 481]
[30, 64, 535]
[59, 90, 516]
[61, 62, 502]
[54, 56, 525]
[76, 39, 483]
[55, 40, 516]
[53, 55, 525]
[44, 62, 519]
[50, 54, 519]
[55, 58, 482]
[66, 38, 502]
[53, 58, 519]
[47, 47, 493]
[889, 587, 607]
[878, 607, 621]
[890, 593, 624]
[880, 613, 612]
[875, 599, 603]
[903, 579, 616]
[896, 626, 611]
[881, 602, 604]
[890, 592, 613]
[904, 586, 599]
[874, 595, 615]
[886, 604, 608]
[919, 574, 609]
[885, 611, 611]
[886, 598, 613]
[865, 581, 625]
[272, 955, 40]
[304, 969, 48]
[281, 996, 37]
[273, 990, 28]
[271, 960, 22]
[298, 988, 32]
[243, 976, 28]
[280, 981, 45]
[291, 972, 46]
[299, 996, 32]
[307, 969, 35]
[306, 965, 43]
[282, 963, 29]
[305, 978, 25]
[276, 998, 38]
[280, 987, 36]
[282, 976, 33]
[271, 984, 44]
[285, 984, 43]
[72, 568, 670]
[49, 591, 663]
[46, 612, 638]
[66, 601, 645]
[30, 598, 623]
[41, 603, 657]
[59, 602, 645]
[50, 610, 634]
[79, 608, 633]
[47, 599, 662]
[28, 591, 661]
[63, 576, 636]
[37, 619, 647]
[54, 588, 639]
[38, 632, 632]
[60, 614, 634]
[35, 642, 642]
[84, 610, 629]
[39, 613, 647]
[79, 139, 587]
[75, 118, 598]
[75, 135, 583]
[87, 134, 590]
[51, 120, 574]
[86, 148, 574]
[90, 126, 592]
[65, 146, 559]
[34, 127, 593]
[69, 136, 545]
[74, 136, 561]
[91, 158, 578]
[87, 153, 574]
[56, 137, 591]
[89, 160, 578]
[87, 114, 580]
[51, 129, 570]
[61, 129, 595]
[190, 610, 178]
[215, 625, 156]
[216, 590, 152]
[208, 629, 154]
[199, 596, 147]
[219, 615, 182]
[209, 606, 127]
[176, 591, 164]
[212, 606, 166]
[207, 626, 126]
[213, 605, 151]
[213, 597, 164]
[215, 614, 135]
[191, 587, 168]
[229, 599, 144]
[198, 621, 134]
[124, 811, 814]
[125, 830, 817]
[155, 810, 811]
[147, 825, 828]
[146, 805, 830]
[148, 815, 795]
[151, 840, 804]
[134, 786, 805]
[151, 827, 801]
[161, 798, 801]
[136, 830, 806]
[143, 819, 822]
[117, 802, 799]
[149, 824, 781]
[151, 812, 792]
[131, 823, 810]
[489, 785, 663]
[466, 779, 652]
[490, 776, 650]
[475, 778, 692]
[494, 793, 666]
[475, 773, 674]
[486, 775, 661]
[479, 782, 671]
[481, 774, 669]
[477, 770, 666]
[502, 777, 665]
[482, 805, 654]
[482, 804, 642]
[486, 784, 654]
[480, 789, 667]
[704, 545, 752]
[709, 547, 729]
[658, 573, 709]
[705, 560, 735]
[711, 551, 734]
[695, 553, 718]
[686, 553, 725]
[725, 561, 761]
[708, 540, 711]
[730, 565, 720]
[708, 532, 724]
[704, 547, 743]
[691, 567, 749]
[634, 418, 929]
[651, 402, 899]
[630, 435, 955]
[634, 429, 934]
[640, 408, 936]
[669, 395, 907]
[638, 415, 940]
[641, 403, 901]
[620, 445, 916]
[651, 424, 942]
[652, 413, 921]
[661, 431, 924]
[638, 424, 922]
[621, 415, 931]
[510, 635, 324]
[498, 636, 337]
[488, 614, 318]
[502, 637, 307]
[493, 626, 322]
[504, 634, 316]
[499, 631, 346]
[494, 662, 277]
[501, 618, 305]
[507, 629, 315]
[497, 648, 321]
[481, 636, 309]
[485, 623, 330]
[507, 645, 318]
[41, 739, 230]
[31, 727, 238]
[16, 726, 207]
[7, 735, 196]
[33, 721, 234]
[2, 693, 223]
[-5, 742, 212]
[18, 722, 230]
[0, 706, 240]
[30, 723, 231]
[18, 723, 234]
[10, 715, 212]
[25, 718, 232]
[257, 571, 769]
[241, 576, 764]
[261, 569, 724]
[256, 592, 762]
[254, 569, 759]
[238, 533, 740]
[261, 548, 744]
[266, 545, 754]
[232, 571, 743]
[243, 577, 731]
[251, 561, 727]
[261, 552, 748]
[229, 562, 745]
[230, 568, 739]
[274, 563, 735]
[216, 557, 734]
[199, 307, 811]
[219, 330, 829]
[221, 320, 809]
[223, 327, 829]
[205, 323, 804]
[209, 322, 816]
[216, 315, 798]
[203, 329, 812]
[236, 320, 842]
[215, 357, 833]
[212, 317, 827]
[219, 298, 813]
[234, 322, 807]
[215, 323, 830]
[217, 328, 815]
[221, 330, 798]
[213, 333, 832]
[207, 341, 806]
[168, 156, 539]
[190, 187, 510]
[163, 152, 516]
[175, 166, 478]
[184, 160, 511]
[187, 181, 554]
[168, 173, 534]
[185, 149, 537]
[201, 174, 544]
[172, 178, 550]
[185, 183, 498]
[169, 201, 532]
[199, 190, 510]
[177, 190, 533]
[189, 158, 514]
[172, 189, 519]
[172, 194, 532]
[161, 174, 513]
[186, 188, 491]
[7, 922, 252]
[17, 902, 262]
[16, 951, 282]
[29, 954, 308]
[14, 935, 282]
[16, 922, 274]
[2, 917, 285]
[7, 937, 275]
[18, 939, 265]
[11, 967, 272]
[7, 960, 270]
[17, 954, 262]
[18, 946, 290]
[7, 923, 253]
[2, 919, 294]
[-6, 941, 277]
[56, 253, 780]
[58, 295, 799]
[63, 216, 779]
[42, 256, 792]
[71, 271, 788]
[58, 257, 804]
[64, 275, 803]
[53, 240, 790]
[53, 234, 799]
[58, 275, 782]
[72, 264, 785]
[43, 248, 792]
[763, 395, 719]
[775, 373, 703]
[728, 357, 696]
[803, 376, 696]
[795, 352, 702]
[786, 391, 718]
[782, 358, 740]
[771, 363, 720]
[808, 368, 718]
[794, 378, 701]
[790, 367, 677]
[788, 386, 711]
[820, 354, 704]
[763, 344, 713]
[766, 364, 698]
[772, 374, 696]
[152, 27, 905]
[150, 0, 913]
[151, -5, 905]
[143, 30, 919]
[160, 7, 913]
[149, 0, 899]
[148, -21, 921]
[159, -9, 910]
[169, -11, 908]
[150, 8, 896]
[789, 158, 916]
[820, 147, 925]
[819, 148, 892]
[827, 183, 931]
[820, 170, 907]
[794, 154, 906]
[805, 152, 931]
[810, 145, 909]
[793, 163, 935]
[794, 179, 933]
[801, 146, 881]
[746, 1000, 633]
[760, 991, 637]
[752, 971, 607]
[724, 971, 638]
[749, 997, 628]
[765, 975, 650]
[737, 970, 592]
[734, 988, 608]
[791, 968, 614]
[716, 988, 632]
[733, 1002, 622]
[736, 977, 601]
[750, 982, 630]
[98, 334, 57]
[74, 346, 65]
[102, 334, 92]
[98, 361, 70]
[97, 322, 75]
[88, 347, 84]
[94, 358, 74]
[115, 333, 66]
[108, 338, 74]
[69, 345, 49]
[87, 356, 87]
[588, 967, 713]
[582, 917, 689]
[559, 925, 690]
[591, 940, 698]
[583, 927, 715]
[592, 957, 692]
[581, 959, 706]
[587, 930, 708]
[605, 914, 696]
[596, 937, 721]
[594, 935, 691]
[601, 942, 672]
[584, 962, 722]
[588, 949, 712]
[582, 936, 725]
[591, 933, 714]
[609, 955, 712]
[72, 894, 133]
[70, 882, 130]
[80, 911, 134]
[87, 905, 129]
[79, 949, 140]
[79, 924, 129]
[84, 913, 121]
[86, 889, 115]
[51, 900, 139]
[77, 925, 153]
[47, 919, 114]
[85, 940, 139]
[407, 543, 808]
[387, 592, 807]
[385, 567, 811]
[374, 558, 794]
[352, 548, 799]
[382, 573, 811]
[391, 574, 771]
[374, 542, 804]
[349, 578, 785]
[379, 555, 813]
[390, 574, 786]
[394, 593, 829]
[383, 561, 818]
[337, 545, 834]
[364, 560, 802]
[368, 551, 800]
[357, 559, 800]
[375, 563, 813]
[400, 574, 811]
[345, 534, 800]
[870, 255, 981]
[854, 252, 963]
[865, 243, 949]
[858, 230, 981]
[862, 237, 962]
[858, 252, 975]
[871, 268, 995]
[849, 254, 978]
[842, 269, 978]
[848, 275, 1027]
[857, 254, 1000]
[855, 261, 955]
[845, 275, 967]
[834, 252, 967]
[837, 269, 977]
[864, 246, 969]
[830, 228, 979]
[848, 242, 975]
[854, 248, 986]
[840, 271, 991]
[836, 253, 968]
[855, 244, 992]
[855, 274, 999]
[838, 251, 961]
[814, 239, 973]
[858, 258, 989]
[856, 262, 968]
[656, 834, 441]
[652, 847, 449]
[627, 860, 419]
[648, 862, 431]
[639, 808, 430]
[626, 864, 428]
[651, 834, 458]
[629, 849, 422]
[667, 839, 425]
[658, 833, 409]
[651, 859, 422]
[655, 866, 443]
[657, 858, 411]
[654, 832, 437]
[644, 829, 437]
[632, 838, 419]
[627, 842, 433]
[779, 91, 519]
[796, 103, 530]
[801, 81, 523]
[775, 59, 517]
[774, 93, 504]
[779, 102, 548]
[781, 106, 516]
[792, 72, 517]
[791, 83, 515]
[778, 105, 492]
[784, 107, 528]
[786, 100, 532]
[782, 67, 547]
[760, 87, 533]
[782, 84, 552]
[233, 534, 829]
[222, 525, 823]
[200, 548, 844]
[193, 552, 842]
[198, 528, 833]
[195, 541, 843]
[189, 542, 852]
[229, 533, 839]
[202, 533, 834]
[211, 529, 834]
[209, 518, 809]
[182, 539, 837]
[181, 531, 818]
[218, 529, 827]
[220, 542, 825]
[217, 549, 834]
[456, 502, 660]
[445, 527, 655]
[417, 522, 655]
[427, 517, 665]
[454, 539, 662]
[447, 515, 651]
[434, 509, 650]
[448, 508, 681]
[418, 525, 653]
[430, 536, 653]
[447, 509, 658]
[440, 508, 649]
[437, 531, 660]
[455, 521, 663]
[809, 449, 198]
[810, 452, 270]
[833, 422, 239]
[818, 416, 222]
[832, 433, 257]
[807, 417, 265]
[823, 439, 237]
[812, 431, 268]
[823, 436, 254]
[802, 441, 255]
[825, 417, 267]
[831, 443, 259]
[806, 440, 253]
[807, 460, 245]
[821, 442, 247]
[828, 454, 235]
[977, 764, 726]
[990, 760, 735]
[994, 753, 747]
[996, 757, 722]
[996, 734, 708]
[984, 752, 748]
[996, 743, 735]
[988, 734, 730]
[977, 784, 717]
[995, 759, 692]
[892, 193, 741]
[882, 189, 775]
[881, 208, 774]
[882, 216, 745]
[894, 209, 765]
[854, 197, 779]
[910, 191, 764]
[895, 205, 774]
[881, 223, 775]
[888, 196, 768]
[884, 199, 763]
[870, 220, 783]
[890, 208, 760]
[903, 195, 752]
[908, 193, 769]
[922, 195, 758]
[884, 205, 736]
[876, 205, 760]
[868, 211, 731]
[917, 202, 751]
[905, 199, 781]
[512, 50, 151]
[489, 72, 111]
[492, 89, 127]
[474, 61, 119]
[491, 74, 109]
[503, 47, 137]
[477, 71, 145]
[471, 62, 128]
[480, 55, 112]
[510, 84, 127]
[480, 81, 136]
[478, 39, 123]
[487, 81, 126]
[498, 55, 120]
[497, 65, 118]
[453, 50, 130]
[391, 902, 946]
[388, 929, 929]
[423, 916, 928]
[372, 939, 963]
[387, 921, 947]
[414, 908, 954]
[410, 929, 949]
[392, 928, 930]
[394, 937, 947]
[392, 918, 924]
[393, 914, 942]
[372, 930, 937]
[387, 915, 945]
[409, 933, 953]
[419, 918, 942]
[414, 960, 736]
[362, 971, 755]
[410, 938, 743]
[442, 977, 691]
[396, 962, 731]
[406, 947, 728]
[408, 940, 737]
[447, 982, 732]
[406, 961, 724]
[412, 965, 722]
[412, 961, 723]
[420, 943, 760]
[391, 943, 734]
[392, 955, 738]
[397, 958, 735]
[415, 957, 760]
[408, 969, 747]
[395, 947, 728]
[427, 948, 746]
[426, 942, 744]
[440, 952, 732]
[409, 952, 716]
[318, 626, 224]
[327, 611, 224]
[292, 617, 225]
[334, 615, 242]
[290, 638, 238]
[295, 607, 217]
[287, 635, 237]
[327, 616, 213]
[317, 615, 205]
[310, 656, 242]
[308, 623, 226]
[322, 604, 236]
[322, 639, 214]
[322, 628, 251]
[326, 599, 229]
[312, 607, 208]
[12, 896, 442]
[27, 889, 466]
[16, 879, 430]
[13, 912, 474]
[16, 914, 441]
[1, 877, 446]
[9, 883, 477]
[18, 900, 455]
[29, 869, 470]
[16, 900, 484]
[7, 902, 458]
[28, 920, 476]
[4, 948, 471]
[12, 912, 455]
[-1, 936, 459]
[2, 898, 475]
[6, 918, 456]
[2, 904, 477]
[28, 897, 432]
[10, 900, 476]
[140, 160, 372]
[142, 189, 403]
[140, 158, 387]
[136, 185, 397]
[146, 168, 398]
[128, 169, 374]
[132, 173, 390]
[133, 181, 395]
[148, 162, 426]
[124, 185, 415]
[111, 172, 399]
[120, 174, 408]
[126, 162, 387]
[141, 166, 377]
[140, 164, 393]
[115, 157, 424]
[145, 181, 389]
[145, 170, 365]
[134, 161, 377]
[147, 185, 401]
[217, 18, 859]
[201, 43, 889]
[183, 33, 850]
[219, 25, 887]
[212, 19, 870]
[191, 33, 898]
[193, 12, 878]
[188, 32, 899]
[209, 22, 866]
[200, 31, 877]
[181, 22, 886]
[217, 21, 880]
[198, 41, 892]
[39, 40, 150]
[18, 20, 151]
[44, 41, 167]
[23, 51, 178]
[33, 38, 169]
[35, 35, 142]
[32, 50, 142]
[20, 47, 167]
[15, 30, 167]
[68, 10, 150]
[32, 54, 151]
[11, 37, 162]
[9, 34, 136]
[0, 67, 144]
[23, 26, 148]
[21, 56, 146]
[454, 617, 502]
[452, 652, 448]
[452, 609, 492]
[454, 594, 506]
[448, 637, 486]
[479, 612, 473]
[479, 626, 472]
[458, 618, 491]
[450, 651, 504]
[445, 602, 464]
[448, 617, 480]
[450, 633, 473]
[436, 630, 478]
[463, 614, 489]
[434, 613, 486]
[430, 621, 473]
[446, 533, 393]
[441, 535, 379]
[425, 536, 419]
[417, 528, 382]
[435, 542, 397]
[439, 529, 382]
[422, 561, 416]
[409, 501, 411]
[423, 531, 395]
[431, 527, 388]
[409, 511, 399]
[425, 541, 416]
[428, 503, 413]
[436, 542, 388]
[419, 531, 385]
[454, 536, 404]
[410, 533, 394]
[412, 545, 399]
[430, 535, 395]
[433, 532, 411]
[447, 533, 425]
[395, 530, 402]
[238, 663, 528]
[226, 677, 522]
[220, 682, 524]
[219, 664, 524]
[230, 680, 542]
[231, 721, 506]
[249, 674, 527]
[209, 682, 555]
[219, 718, 542]
[198, 685, 541]
[222, 686, 511]
[228, 667, 529]
[242, 705, 551]
[232, 696, 556]
[224, 675, 516]
[224, 674, 534]
[233, 646, 520]
[220, 656, 513]
[848, 703, -17]
[860, 713, -8]
[849, 705, -1]
[857, 696, -1]
[857, 690, 11]
[832, 713, 17]
[867, 710, 5]
[845, 716, -8]
[872, 700, -9]
[838, 708, 0]
[837, 710, 5]
[817, 693, 13]
[853, 717, 4]
[872, 666, -1]
[860, 679, -2]
[865, 733, 12]
[874, 707, -5]
[868, 710, 16]
[840, 693, -7]
[527, 288, 974]
[542, 296, 987]
[542, 289, 984]
[536, 295, 951]
[515, 286, 981]
[510, 284, 973]
[560, 307, 1008]
[537, 285, 971]
[544, 299, 1000]
[539, 298, 964]
[548, 312, 993]
[529, 284, 977]
[541, 279, 978]
[17, 635, 256]
[35, 650, 260]
[29, 645, 275]
[8, 634, 250]
[38, 634, 244]
[19, 644, 238]
[37, 625, 244]
[38, 607, 222]
[43, 633, 229]
[43, 652, 233]
[32, 606, 241]
[41, 641, 237]
[38, 636, 236]
[53, 663, 265]
[27, 647, 227]
[342, 896, 182]
[302, 886, 149]
[339, 880, 143]
[322, 910, 159]
[317, 919, 155]
[287, 880, 155]
[322, 877, 156]
[320, 894, 153]
[321, 889, 125]
[310, 870, 141]
[327, 911, 147]
[311, 891, 128]
[316, 867, 150]
[329, 893, 159]
[786, 910, 88]
[788, 945, 84]
[772, 985, 83]
[786, 956, 88]
[795, 955, 41]
[783, 973, 88]
[779, 947, 90]
[769, 968, 107]
[769, 959, 128]
[785, 952, 119]
[813, 952, 126]
[783, 956, 83]
[767, 975, 71]
[740, 965, 93]
[771, 958, 69]
[769, 963, 78]
[779, 964, 91]
[748, 958, 76]
[763, 953, 80]
[772, 964, 81]
[780, 965, 66]
[75, 474, 92]
[44, 482, 83]
[62, 464, 110]
[51, 469, 104]
[64, 468, 91]
[68, 476, 105]
[46, 468, 71]
[66, 483, 94]
[44, 485, 122]
[47, 494, 62]
[57, 469, 76]
[49, 474, 96]
[85, 458, 97]
[71, 472, 98]
[43, 486, 100]
[58, 497, 111]
[55, 481, 71]
[52, 499, 107]
[69, 464, 96]
[59, 489, 61]
[59, 493, 102]
[48, 469, 84]
[68, 471, 117]
[407, 420, 908]
[407, 427, 892]
[412, 443, 895]
[401, 410, 904]
[393, 440, 889]
[426, 443, 879]
[372, 426, 872]
[426, 450, 876]
[409, 406, 864]
[395, 432, 905]
[399, 444, 879]
[417, 410, 857]
[392, 430, 877]
[382, 452, 893]
[414, 443, 905]
[406, 432, 902]
[404, 442, 885]
[391, 413, 878]
[403, 428, 867]
[631, 929, 173]
[599, 935, 179]
[625, 941, 186]
[623, 951, 183]
[603, 953, 195]
[623, 922, 187]
[606, 916, 196]
[635, 938, 182]
[621, 923, 184]
[609, 961, 178]
[616, 948, 189]
[623, 969, 206]
[597, 933, 164]
[618, 948, 166]
[646, 946, 161]
[620, 931, 174]
[625, 929, 188]
[619, 947, 153]
[304, 317, 205]
[314, 321, 182]
[315, 304, 164]
[322, 337, 188]
[327, 314, 170]
[321, 329, 202]
[286, 320, 173]
[314, 326, 184]
[320, 307, 161]
[279, 337, 192]
[318, 300, 202]
[289, 317, 194]
[305, 333, 183]
[334, 299, 185]
[270, 292, 198]
[659, 597, 742]
[650, 659, 787]
[634, 628, 771]
[650, 624, 747]
[649, 612, 763]
[634, 634, 753]
[651, 629, 752]
[632, 624, 775]
[642, 607, 762]
[636, 620, 771]
[656, 612, 778]
[635, 630, 787]
[654, 597, 794]
[653, 599, 762]
[642, 602, 755]
[633, 605, 781]
[663, 630, 764]
[397, 174, 359]
[404, 208, 354]
[396, 156, 347]
[408, 175, 338]
[411, 128, 342]
[386, 185, 343]
[412, 180, 363]
[384, 171, 347]
[392, 166, 332]
[3, 297, 710]
[-9, 275, 718]
[7, 296, 727]
[5, 270, 711]
[-22, 269, 721]
[7, 293, 695]
[-26, 269, 695]
[-8, 276, 720]
[12, 280, 710]
[-12, 293, 709]
[12, 263, 698]
[7, 274, 719]
[17, 297, 742]
[32, 295, 727]
[32, 287, 747]
[17, 267, 726]
[18, 293, 719]
[0, 306, 720]
[35, 280, 688]
[24, 281, 700]
[514, 562, 1003]
[512, 554, 998]
[531, 565, 980]
[532, 576, 991]
[520, 569, 942]
[517, 528, 974]
[510, 585, 970]
[508, 590, 985]
[511, 556, 992]
[536, 576, 970]
[523, 558, 988]
[530, 557, 967]
[527, 551, 972]
[240, 78, 450]
[210, 95, 441]
[222, 96, 461]
[238, 90, 431]
[199, 48, 449]
[243, 83, 456]
[221, 70, 445]
[218, 81, 453]
[210, 87, 456]
[201, 53, 456]
[215, 106, 432]
[215, 95, 430]
[211, 104, 455]
[229, 89, 436]
[218, 88, 412]
[204, 76, 439]
[564, 605, 556]
[546, 609, 534]
[563, 597, 519]
[559, 582, 538]
[551, 631, 528]
[567, 592, 531]
[569, 627, 515]
[548, 625, 514]
[542, 596, 516]
[548, 590, 517]
[559, 612, 527]
[552, 600, 498]
[541, 582, 513]
[544, 622, 508]
[553, 619, 524]
[565, 608, 517]
[557, 616, 505]
[562, 603, 544]
[549, 608, 526]
[543, 602, 505]
[544, 600, 518]
[588, 588, 512]
[557, 602, 530]
[92, 527, 879]
[79, 514, 851]
[82, 534, 845]
[85, 532, 870]
[101, 532, 833]
[87, 548, 818]
[100, 528, 822]
[100, 525, 863]
[101, 534, 887]
[73, 541, 832]
[97, 520, 845]
[95, 533, 855]
[124, 522, 844]
[82, 522, 857]
[99, 529, 862]
[100, 549, 806]
[837, 788, 354]
[850, 786, 365]
[845, 803, 302]
[866, 784, 301]
[863, 805, 332]
[829, 769, 314]
[850, 776, 336]
[851, 787, 326]
[843, 773, 319]
[860, 805, 367]
[856, 786, 333]
[844, 763, 336]
[851, 762, 317]
[854, 753, 318]
[854, 781, 303]
[833, 775, 322]
[811, 810, 351]
[858, 777, 334]
[874, 769, 311]
[849, 772, 319]
[859, 772, 309]
[834, 787, 330]
[857, 785, 304]
[793, 615, 366]
[803, 625, 343]
[780, 600, 345]
[784, 633, 354]
[810, 620, 368]
[790, 616, 336]
[812, 606, 341]
[794, 619, 371]
[810, 599, 337]
[790, 620, 333]
[812, 596, 341]
[796, 621, 360]
[363, 747, 385]
[329, 755, 410]
[360, 755, 410]
[358, 733, 450]
[329, 764, 421]
[361, 748, 402]
[364, 736, 406]
[341, 718, 422]
[377, 735, 426]
[357, 752, 412]
[346, 737, 428]
[342, 727, 433]
[349, 734, 415]
[353, 764, 424]
[733, 524, 241]
[720, 501, 266]
[712, 526, 233]
[739, 503, 240]
[716, 530, 259]
[718, 526, 255]
[740, 524, 239]
[734, 538, 249]
[706, 526, 253]
[704, 534, 224]
[164, 643, 757]
[168, 650, 734]
[152, 672, 753]
[156, 657, 757]
[181, 667, 778]
[154, 655, 756]
[182, 671, 759]
[177, 650, 773]
[182, 681, 752]
[186, 672, 750]
[171, 671, 795]
[172, 670, 757]
[179, 636, 742]
[170, 687, 764]
[158, 694, 760]
[172, 682, 755]
[638, 814, 156]
[634, 842, 187]
[618, 837, 174]
[632, 831, 177]
[630, 860, 173]
[625, 826, 148]
[648, 825, 156]
[620, 825, 164]
[613, 842, 191]
[631, 811, 185]
[612, 846, 165]
[623, 812, 196]
[640, 849, 173]
[914, 560, 576]
[892, 538, 570]
[903, 530, 577]
[914, 531, 579]
[890, 545, 585]
[933, 541, 563]
[907, 509, 566]
[923, 543, 578]
[905, 538, 598]
[927, 555, 550]
[897, 543, 565]
[917, 524, 569]
[918, 514, 559]
[956, 542, 571]
[942, 560, 552]
[847, 904, 63]
[849, 930, 68]
[858, 883, 60]
[849, 891, 77]
[859, 917, 80]
[842, 888, 88]
[842, 902, 77]
[845, 901, 71]
[828, 894, 71]
[860, 914, 49]
[829, 886, 80]
[852, 893, 61]
[858, 902, 72]
[860, 893, 75]
[786, 887, 757]
[776, 913, 768]
[756, 911, 741]
[796, 894, 762]
[791, 898, 728]
[792, 900, 737]
[785, 930, 743]
[779, 896, 750]
[773, 945, 755]
[764, 922, 759]
[770, 894, 769]
[780, 941, 751]
[788, 954, 757]
[791, 915, 750]
[766, 911, 752]
[622, 139, 928]
[646, 137, 929]
[648, 144, 933]
[659, 171, 957]
[606, 135, 922]
[641, 126, 926]
[618, 137, 919]
[656, 149, 937]
[623, 144, 944]
[649, 142, 945]
[629, 114, 931]
[650, 124, 939]
[630, 136, 945]
[645, 152, 942]
[665, 132, 924]
[647, 132, 924]
[647, 148, 939]
[425, 356, 210]
[452, 362, 204]
[440, 383, 180]
[440, 361, 219]
[436, 393, 189]
[446, 358, 170]
[453, 375, 207]
[441, 360, 199]
[435, 372, 194]
[435, 406, 206]
[461, 370, 205]
[425, 396, 194]
[419, 364, 196]
[406, 376, 197]
[438, 359, 180]
[432, 426, 698]
[424, 431, 702]
[426, 450, 679]
[439, 431, 704]
[421, 419, 720]
[422, 431, 703]
[441, 454, 693]
[429, 437, 717]
[418, 436, 705]
[435, 391, 707]
[431, 452, 681]
[416, 431, 695]
[436, 423, 721]
[418, 417, 699]
[447, 437, 704]
[403, 392, 678]
[416, 437, 696]
[415, 428, 713]
[423, 444, 709]
[406, 435, 697]
[499, 554, 468]
[471, 551, 462]
[492, 545, 454]
[486, 543, 432]
[456, 543, 454]
[473, 561, 440]
[488, 549, 430]
[484, 565, 412]
[475, 570, 452]
[488, 540, 438]
[488, 563, 434]
[503, 542, 451]
[479, 546, 432]
[500, 530, 466]
[491, 568, 440]
[672, 922, 158]
[694, 888, 168]
[692, 924, 161]
[676, 898, 157]
[668, 891, 154]
[672, 906, 148]
[689, 916, 162]
[671, 933, 167]
[679, 903, 146]
[656, 906, 138]
[685, 910, 175]
[687, 922, 158]
[688, 917, 152]
[663, 916, 154]
[696, 917, 160]
[683, 917, 175]
[693, 929, 172]
[179, 778, 869]
[144, 787, 868]
[172, 773, 866]
[145, 753, 866]
[147, 740, 867]
[181, 755, 885]
[183, 758, 837]
[147, 752, 861]
[146, 806, 877]
[188, 749, 852]
[145, 768, 856]
[183, 777, 861]
[590, 599, 34]
[575, 641, 26]
[560, 613, 16]
[567, 629, 21]
[555, 638, 8]
[601, 610, 3]
[613, 658, 23]
[564, 649, 25]
[590, 632, 9]
[594, 635, 28]
[575, 641, 28]
[586, 646, 42]
[563, 656, 21]
[556, 636, 2]
[593, 628, 37]
[548, 859, 256]
[550, 859, 262]
[551, 827, 269]
[563, 833, 258]
[588, 844, 226]
[556, 869, 244]
[566, 853, 242]
[571, 861, 256]
[554, 858, 284]
[559, 832, 258]
[547, 858, 228]
[561, 857, 252]
[552, 860, 260]
[559, 867, 250]
[585, 864, 251]
[336, 277, 847]
[352, 282, 864]
[340, 282, 841]
[363, 271, 836]
[358, 281, 810]
[332, 257, 833]
[346, 293, 870]
[371, 272, 841]
[369, 277, 844]
[368, 281, 842]
[361, 283, 844]
[354, 272, 853]
[338, 267, 857]
[348, 276, 845]
[347, 275, 818]
[358, 250, 847]
[346, 305, 856]
[346, 283, 859]
[970, 267, 556]
[979, 246, 549]
[973, 262, 569]
[980, 274, 563]
[971, 276, 592]
[1022, 267, 575]
[1007, 263, 582]
[955, 258, 548]
[982, 278, 558]
[970, 256, 577]
[971, 265, 569]
[995, 266, 554]
[622, 281, 666]
[618, 289, 704]
[624, 285, 702]
[614, 280, 674]
[626, 286, 689]
[617, 305, 671]
[626, 275, 698]
[636, 323, 689]
[631, 287, 696]
[604, 303, 711]
[603, 292, 675]
[615, 293, 712]
[614, 280, 693]
[621, 284, 691]
[17, 689, 509]
[36, 668, 524]
[5, 677, 538]
[17, 697, 544]
[20, 689, 549]
[27, 692, 517]
[8, 673, 518]
[9, 651, 528]
[-18, 677, 511]
[17, 682, 529]
[37, 660, 485]
[31, 702, 536]
[-7, 677, 539]
[2, 678, 531]
[32, 663, 516]
[11, 667, 508]
[37, 703, 516]
[31, 668, 512]
[758, 798, 940]
[783, 807, 943]
[781, 800, 963]
[770, 819, 964]
[815, 802, 946]
[751, 795, 918]
[787, 824, 958]
[752, 792, 961]
[781, 793, 924]
[775, 803, 955]
[784, 819, 952]
[767, 807, 956]
[761, 813, 962]
[772, 799, 939]
[787, 806, 936]
[780, 817, 962]
[761, 791, 944]
[776, 827, 975]
[735, 839, 953]
[815, 521, 141]
[823, 524, 150]
[793, 548, 160]
[786, 505, 131]
[796, 508, 139]
[775, 511, 146]
[786, 507, 136]
[784, 530, 122]
[822, 505, 156]
[790, 514, 133]
[798, 511, 170]
[788, 529, 143]
[795, 500, 133]
[812, 528, 138]
[783, 526, 149]
[785, 531, 150]
[791, 539, 152]
[273, 349, 323]
[273, 322, 345]
[274, 350, 323]
[245, 365, 296]
[248, 346, 341]
[261, 348, 326]
[273, 367, 333]
[248, 321, 326]
[258, 370, 325]
[261, 335, 340]
[267, 377, 355]
[406, 688, 617]
[407, 672, 667]
[421, 682, 595]
[409, 694, 633]
[401, 693, 612]
[413, 704, 628]
[396, 712, 615]
[402, 697, 655]
[427, 703, 623]
[416, 672, 657]
[409, 729, 625]
[412, 679, 640]
[379, 695, 635]
[397, 703, 649]
[406, 701, 655]
[441, 312, 704]
[457, 314, 690]
[442, 302, 721]
[450, 295, 696]
[438, 323, 729]
[435, 315, 684]
[465, 278, 697]
[446, 299, 707]
[438, 292, 701]
[456, 307, 697]
[441, 294, 703]
[452, 309, 699]
[827, 48, 113]
[798, 44, 123]
[811, 41, 127]
[806, 76, 110]
[781, 50, 122]
[795, 32, 123]
[819, 40, 116]
[808, 58, 115]
[808, 30, 114]
[804, 65, 106]
[813, 36, 125]
[783, 25, 138]
[801, 43, 133]
[787, 44, 97]
[382, 774, 568]
[391, 756, 571]
[399, 753, 580]
[398, 785, 595]
[411, 746, 581]
[434, 722, 562]
[386, 757, 592]
[403, 759, 561]
[404, 770, 582]
[375, 756, 547]
[408, 748, 562]
[407, 751, 580]
[388, 767, 565]
[411, 754, 598]
[393, 766, 579]
[390, 779, 571]
[404, 767, 574]
[400, 767, 572]
[404, 764, 564]
[402, 764, 576]
[420, 761, 559]
[412, 762, 592]
[913, 401, 368]
[908, 412, 392]
[917, 433, 368]
[895, 421, 380]
[884, 429, 369]
[902, 403, 396]
[873, 409, 395]
[885, 399, 395]
[899, 421, 390]
[902, 431, 381]
[896, 409, 377]
[890, 413, 393]
[876, 397, 390]
[906, 393, 367]
[897, 403, 403]
[889, 402, 383]
[866, 424, 382]
[884, 386, 398]
[900, 404, 403]
[896, 426, 403]
[906, 393, 382]
[881, 401, 382]
[586, 209, 287]
[603, 195, 291]
[600, 229, 292]
[607, 209, 299]
[588, 201, 288]
[605, 191, 303]
[599, 223, 302]
[593, 221, 285]
[605, 226, 304]
[621, 223, 302]
[577, 225, 301]
[603, 194, 330]
[598, 205, 292]
[579, 192, 304]
[612, 205, 283]
[610, 193, 300]
[571, 155, 133]
[591, 159, 123]
[595, 160, 141]
[574, 191, 134]
[588, 168, 146]
[601, 151, 115]
[607, 160, 124]
[562, 164, 127]
[569, 167, 127]
[578, 170, 166]
[568, 178, 128]
[579, 158, 124]
[585, 150, 103]
[587, 134, 128]
[586, 147, 146]
[598, 171, 141]
[839, 260, 367]
[827, 257, 353]
[823, 272, 363]
[823, 242, 375]
[820, 260, 376]
[828, 253, 340]
[824, 258, 369]
[823, 225, 373]
[815, 241, 362]
[836, 248, 368]
[831, 248, 372]
[786, 227, 379]
[864, 252, 371]
[823, 258, 348]
[827, 241, 358]
[830, 230, 398]
[822, 270, 357]
[815, 265, 365]
[837, 272, 370]
[542, 0, 77]
[554, 20, 70]
[585, 32, 80]
[554, 22, 83]
[546, 20, 71]
[530, -1, 78]
[532, 45, 88]
[564, -6, 80]
[546, 17, 82]
[561, 10, 92]
[527, 9, 88]
[548, -18, 103]
[534, 2, 82]
[540, 15, 77]
[543, 27, 87]
[567, 8, 50]
[532, 15, 92]
[556, 16, 80]
[564, 8, 66]
[557, -13, 72]
[562, 56, 83]
[562, 27, 67]
[557, 4, 88]
[558, 24, 92]
[530, 603, 612]
[520, 633, 634]
[514, 603, 635]
[518, 628, 641]
[523, 617, 640]
[517, 657, 624]
[534, 597, 642]
[504, 630, 627]
[513, 636, 618]
[523, 609, 639]
[528, 614, 621]
[509, 649, 640]
[518, 629, 641]
[546, 653, 642]
[500, 625, 633]
[513, 625, 638]
[681, 552, 767]
[711, 500, 759]
[680, 500, 772]
[663, 533, 751]
[641, 529, 757]
[661, 532, 738]
[682, 499, 749]
[681, 560, 737]
[677, 557, 725]
[693, 534, 739]
[680, 513, 710]
[678, 541, 752]
[689, 535, 760]
[638, 516, 751]
[678, 526, 742]
[682, 531, 756]
[675, 509, 746]
[659, 510, 752]
[652, 533, 747]
[663, 524, 737]
