[46, 138, 243]
[59, 138, 271]
[41, 112, 268]
[54, 108, 267]
[53, 123, 282]
[63, 108, 269]
[67, 152, 277]
[62, 130, 231]
[41, 112, 250]
[63, 135, 252]
[52, 128, 255]
[59, 110, 239]
[60, 150, 258]
[42, 102, 265]
[55, 160, 289]
[64, 120, 246]
[45, 115, 260]
[71, 110, 265]
[63, 145, 233]
[68, 118, 277]
[67, 160, 286]
[61, 120, 260]
[37, 130, 250]
[58, 100, 248]
[56, 125, 249]
[48, 124, 255]
[56, 120, 236]
[62, 140, 268]
[62, 130, 263]
[54, 132, 288]
[63, 130, 254]
[35, 126, 282]
[65, 135, 254]
[56, 130, 256]
[48, 130, 256]
[44, 120, 263]
[74, 120, 269]
[54, 122, 286]
[65, 138, 282]
[56, 130, 283]
[54, 140, 239]
[45, 130, 234]
[46, 120, 249]
[48, 130, 275]
[56, 200, 288]
[49, 134, 271]
[49, 130, 266]
[54, 110, 239]
[41, 110, 235]
[58, 150, 283]
[58, 120, 284]
[54, 120, 258]
[49, 130, 269]
[61, 134, 234]
[51, 140, 261]
[67, 120, 237]
[66, 150, 226]
[58, 100, 234]
[55, 135, 250]
[47, 110, 275]
[43, 150, 247]
[62, 120, 281]
[69, 140, 239]
[51, 125, 245]
[64, 128, 263]
[59, 135, 234]
[59, 170, 288]
[44, 130, 233]
[58, 105, 240]
[47, 108, 243]
[57, 150, 276]
[57, 165, 289]
[61, 150, 243]
[46, 138, 243]
[70, 156, 245]
[65, 150, 225]
[57, 124, 261]
[44, 118, 242]
[59, 138, 271]
[41, 112, 268]
[60, 150, 240]
[54, 108, 267]
[53, 123, 282]
[63, 108, 269]
[50, 150, 243]
[67, 152, 277]
[62, 130, 231]
[44, 112, 290]
[66, 160, 228]
[63, 135, 252]
[60, 130, 253]
[52, 128, 255]
[54, 124, 266]
[59, 110, 239]
[64, 170, 227]
[50, 140, 233]
[60, 150, 258]
[66, 146, 278]
[54, 125, 273]
[57, 154, 232]
[45, 115, 260]
[47, 130, 253]
[71, 110, 265]
[60, 145, 282]
[58, 170, 225]
[54, 150, 232]
[61, 120, 260]
[46, 150, 231]
[56, 120, 240]
[65, 155, 269]
[56, 125, 249]
[67, 125, 254]
[62, 120, 267]
[65, 110, 248]
[62, 130, 263]
[60, 125, 258]
[48, 130, 245]
[57, 140, 241]
[65, 135, 254]
[45, 110, 264]
[58, 150, 270]
[48, 130, 256]
[53, 130, 264]
[57, 130, 236]
[68, 180, 274]
[65, 138, 282]
[46, 138, 243]
[45, 130, 234]
[44, 140, 235]
[56, 200, 288]
[59, 138, 271]
[47, 138, 257]
[54, 110, 239]
[41, 112, 268]
[54, 108, 267]
[53, 138, 234]
[51, 130, 256]
[54, 120, 258]
[53, 123, 282]
[63, 108, 269]
[51, 140, 261]
[70, 160, 269]
[67, 152, 277]
[53, 142, 226]
[55, 135, 250]
[59, 174, 249]
[62, 130, 231]
[62, 120, 281]
[57, 152, 274]
[63, 135, 252]
[51, 125, 245]
[52, 108, 233]
[52, 128, 255]
[59, 110, 239]
[60, 150, 258]
[59, 170, 288]
[53, 130, 246]
[48, 124, 274]
[58, 105, 240]
[45, 115, 260]
[47, 108, 243]
[42, 148, 244]
[57, 165, 289]
[59, 178, 270]
[46, 138, 243]
[71, 110, 265]
[59, 138, 271]
[42, 120, 240]
[41, 112, 268]
[66, 160, 246]
[54, 108, 267]
[54, 192, 283]
[61, 120, 260]
[69, 140, 254]
[53, 123, 282]
[63, 108, 269]
[43, 132, 247]
[56, 125, 249]
[67, 152, 277]
[62, 130, 263]
[62, 130, 231]
[69, 160, 234]
[45, 138, 236]
[50, 120, 244]
[63, 135, 252]
[52, 128, 255]
[59, 160, 273]
[59, 110, 239]
[65, 135, 254]
[50, 110, 254]
[60, 150, 258]
[48, 130, 256]
[45, 115, 260]
[65, 138, 282]
[45, 130, 234]
[58, 128, 259]
[71, 110, 265]
[56, 200, 288]
[55, 130, 262]
[54, 110, 239]
[62, 150, 244]
[54, 120, 258]
[61, 120, 260]
[66, 178, 228]
[51, 140, 261]
[56, 125, 249]
[55, 135, 250]
[63, 145, 233]
[67, 160, 286]
[62, 120, 281]
[62, 130, 263]
[51, 125, 245]
[37, 130, 250]
[56, 120, 236]
[59, 170, 288]
[62, 140, 268]
[65, 135, 254]
[48, 130, 256]
[58, 105, 240]
[63, 130, 254]
[47, 108, 243]
[57, 165, 289]
[46, 138, 243]
[65, 138, 282]
[56, 130, 256]
[45, 130, 234]
[44, 120, 263]
[59, 138, 271]
[56, 200, 288]
[41, 112, 268]
[54, 110, 239]
[54, 108, 267]
[54, 120, 258]
[53, 123, 282]
[54, 140, 239]
[48, 130, 275]
[63, 108, 269]
[49, 130, 266]
[51, 140, 261]
[58, 150, 283]
[67, 152, 277]
[55, 135, 250]
[58, 120, 284]
[62, 130, 231]
[62, 120, 281]
[63, 135, 252]
[52, 128, 255]
[51, 125, 245]
[59, 110, 239]
[66, 150, 226]
[59, 170, 288]
[60, 150, 258]
[43, 150, 247]
[69, 140, 239]
[58, 105, 240]
[45, 115, 260]
[47, 108, 243]
[57, 165, 289]
[59, 135, 234]
[71, 110, 265]
[44, 130, 233]
[57, 150, 276]
[61, 120, 260]
[61, 150, 243]
[65, 150, 225]
[56, 125, 249]
[62, 130, 263]
[50, 150, 243]
[65, 135, 254]
[48, 130, 256]
[44, 112, 290]
[60, 130, 253]
[65, 138, 282]
[54, 124, 266]
[45, 130, 234]
[50, 140, 233]
[56, 200, 288]
[54, 110, 239]
[54, 125, 273]
[54, 120, 258]
[51, 140, 261]
[55, 135, 250]
[60, 145, 282]
[62, 120, 281]
[54, 150, 232]
[51, 125, 245]
[46, 150, 231]
[65, 155, 269]
[59, 170, 288]
[67, 125, 254]
[62, 120, 267]
[65, 110, 248]
[58, 105, 240]
[47, 108, 243]
[57, 165, 289]
[60, 125, 258]
[48, 130, 245]
[58, 150, 270]
[53, 130, 264]
[68, 180, 274]
[44, 140, 235]
[47, 138, 257]
[53, 138, 234]
[51, 130, 256]
[70, 160, 269]
[53, 142, 226]
[59, 174, 249]
[57, 152, 274]
[52, 108, 233]
[53, 130, 246]
[48, 124, 274]
[42, 148, 244]
[59, 178, 270]
[42, 120, 240]
[66, 160, 246]
[54, 192, 283]
[69, 140, 254]
[43, 132, 247]
[69, 160, 234]
[45, 138, 236]
[50, 120, 244]
[59, 160, 273]
[50, 110, 254]
[58, 128, 259]
[55, 130, 262]
[62, 150, 244]
[66, 178, 228]
[63, 145, 233]
[67, 160, 286]
[37, 130, 250]
[56, 120, 236]
[62, 140, 268]
[63, 130, 254]
[56, 130, 256]
[44, 120, 263]
[54, 140, 239]
[48, 130, 275]
[49, 130, 266]
[58, 150, 283]
[58, 120, 284]
[66, 150, 226]
[43, 150, 247]
[69, 140, 239]
[59, 135, 234]
[44, 130, 233]
[57, 150, 276]
[61, 150, 243]
[65, 150, 225]
[50, 150, 243]
[44, 112, 290]
[60, 130, 253]
[54, 124, 266]
[50, 140, 233]
[54, 125, 273]
[60, 145, 282]
[54, 150, 232]
[46, 150, 231]
[65, 155, 269]
[67, 125, 254]
[62, 120, 267]
[65, 110, 248]
[60, 125, 258]
[48, 130, 245]
[58, 150, 270]
[53, 130, 264]
[68, 180, 274]
[44, 140, 235]
[47, 138, 257]
[53, 138, 234]
[51, 130, 256]
[70, 160, 269]
[53, 142, 226]
[59, 174, 249]
[57, 152, 274]
[52, 108, 233]
[53, 130, 246]
[48, 124, 274]
[42, 148, 244]
[59, 178, 270]
[42, 120, 240]
[66, 160, 246]
[54, 192, 283]
[69, 140, 254]
[43, 132, 247]
[69, 160, 234]
[45, 138, 236]
[50, 120, 244]
[59, 160, 273]
[50, 110, 254]
[58, 128, 259]
[55, 130, 262]
[62, 150, 244]
[66, 178, 228]
[63, 145, 233]
[67, 160, 286]
[37, 130, 250]
[56, 120, 236]
[62, 140, 268]
[63, 130, 254]
[56, 130, 256]
[44, 120, 263]
[54, 140, 239]
[48, 130, 275]
[49, 130, 266]
[58, 150, 283]
[58, 120, 284]
[66, 150, 226]
[43, 150, 247]
[69, 140, 239]
[59, 135, 234]
[44, 130, 233]
[57, 150, 276]
[61, 150, 243]
[65, 150, 225]
[50, 150, 243]
[44, 112, 290]
[60, 130, 253]
[54, 124, 266]
[50, 140, 233]
[54, 125, 273]
[60, 145, 282]
[54, 150, 232]
[46, 150, 231]
[65, 155, 269]
[67, 125, 254]
[62, 120, 267]
[65, 110, 248]
[60, 125, 258]
[48, 130, 245]
[58, 150, 270]
[53, 130, 264]
[68, 180, 274]
[44, 140, 235]
[47, 138, 257]
[53, 138, 234]
[51, 130, 256]
[70, 160, 269]
[53, 142, 226]
[59, 174, 249]
[57, 152, 274]
[52, 108, 233]
[53, 130, 246]
[48, 124, 274]
[42, 148, 244]
[59, 178, 270]
[42, 120, 240]
[66, 160, 246]
[54, 192, 283]
[69, 140, 254]
[43, 132, 247]
[69, 160, 234]
[45, 138, 236]
[50, 120, 244]
[59, 160, 273]
[50, 110, 254]
[58, 128, 259]
[55, 130, 262]
[62, 150, 244]
[66, 178, 228]
