[947, 469, 389]
[818, 728, 160]
[1104, 414, 846]
[965, 555, 281]
[757, 369, 565]
[1146, 937, 228]
[894, 881, 559]
[943, 540, 961]
[1321, 598, 429]
[398, 482, 688]
[537, 776, 494]
[956, 831, 635]
[871, 440, 751]
[572, 627, 519]
[775, 656, 798]
[934, 450, 279]
[699, 603, 502]
[934, 180, 461]
[835, 734, 557]
[635, 723, 588]
[694, 502, 367]
[891, 802, 546]
[648, 468, 548]
[742, 608, 146]
[191, 761, 683]
[849, 504, 546]
[484, 598, 1030]
[781, 569, 193]
[676, 654, 446]
[949, 527, 272]
[696, 658, 653]
[669, 767, 677]
[372, 22, 771]
[885, -337, 171]
[668, 690, 200]
[451, 724, 533]
[748, 65, 409]
[625, 633, 452]
[652, 614, 677]
[590, 510, 105]
[863, 402, 0]
[1159, 373, -137]
[741, 679, 891]
[599, 425, 285]
[156, 739, 369]
[966, 535, 161]
[358, 577, 586]
[696, 530, 545]
[1052, 676, 321]
[593, 142, 386]
[447, 563, 754]
[369, 471, 566]
[586, 2, 117]
[721, 668, 624]
[418, 622, 424]
[530, 605, 113]
[562, 579, 140]
[316, 779, 85]
[663, 558, 525]
[544, 653, 9]
[621, 655, 350]
[279, 551, 249]
[501, 519, -10]
[499, 304, -9]
[312, 706, 10]
[377, 553, 109]
[252, 621, 43]
[586, 438, 214]
[662, 336, 445]
[677, 493, -10]
[603, 653, 127]
[629, 678, 253]
[90, 454, -90]
[598, 608, 120]
[552, 467, 254]
[588, 600, 95]
[737, 686, 219]
[675, 618, 276]
[433, 235, -25]
[690, 576, -182]
[376, 203, 334]
[487, 30, -238]
[578, 565, -57]
[612, 583, -9]
[1016, 703, 371]
[641, 417, 384]
[919, 278, 280]
[547, 459, 466]
[588, 496, 289]
[533, 308, 2]
[697, 757, 531]
[1344, 741, 653]
[315, 708, 218]
[721, 475, 245]
[631, 488, 431]
[596, 587, 464]
[244, 415, 738]
[974, 478, 663]
[613, 768, 292]
[662, 588, 22]
[302, 525, 493]
[864, 442, 864]
[184, 482, 617]
[275, 781, 642]
[817, 278, 873]
[307, 608, 595]
[399, 771, 345]
[441, 732, 414]
[448, 392, 21]
[725, 380, 386]
[647, 430, 556]
[186, 719, 316]
[905, 933, 888]
[273, 539, 725]
[1257, 704, 622]
[860, 372, 602]
[639, 752, 523]
[288, 574, 400]
[475, 445, 183]
[371, 684, 276]
[270, 598, 288]
[344, 749, 269]
[704, 674, 901]
[666, 478, 192]
[584, 417, 659]
[501, 705, 763]
[124, 790, 982]
[354, 609, 574]
[698, 412, 755]
[662, 360, 819]
[682, 575, 712]
[681, 460, 666]
[680, 729, 674]
[379, 750, 796]
[462, 627, 950]
[265, 717, 312]
[486, 154, 721]
[506, 657, 724]
[363, 682, 770]
[616, 643, 309]
[421, 715, 900]
[506, 704, 796]
[439, 378, 776]
[702, 502, 1079]
[542, 754, 832]
[628, 536, 568]
[622, 478, 801]
[605, 663, 990]
[601, 671, 987]
[629, 281, 666]
[692, 774, 405]
[618, 693, 1090]
[705, 707, 721]
[297, 682, 668]
