[39, 94, 199]
[34, 118, 210]
[47, 112, 204]
[54, 110, 206]
[44, 108, 141]
[52, 134, 201]
[48, 122, 222]
[34, 118, 182]
[49, 120, 188]
[59, 140, 177]
[46, 101, 197]
[57, 128, 229]
[54, 110, 214]
[39, 118, 219]
[52, 118, 186]
[57, 132, 207]
[52, 138, 223]
[57, 120, 354]
[41, 135, 203]
[58, 140, 211]
[35, 138, 183]
[66, 112, 212]
[56, 140, 294]
[52, 136, 196]
[49, 118, 149]
[51, 100, 222]
[54, 160, 201]
[55, 140, 217]
[44, 120, 220]
[62, 124, 209]
[51, 94, 227]
[29, 130, 204]
[60, 120, 178]
[58, 120, 340]
[43, 122, 213]
[70, 145, 174]
[52, 125, 212]
[62, 128, 208]
[35, 120, 198]
[57, 110, 201]
[64, 140, 335]
[58, 146, 218]
[59, 140, 221]
[52, 128, 205]
[42, 120, 209]
[67, 106, 223]
[55, 132, 353]
[76, 140, 197]
[71, 160, 302]
[44, 120, 226]
[61, 130, 330]
[39, 94, 199]
[61, 138, 166]
[34, 118, 210]
[52, 128, 204]
[47, 112, 204]
[65, 140, 417]
[59, 126, 218]
[40, 152, 223]
[42, 130, 180]
[54, 110, 206]
[61, 140, 207]
[44, 108, 141]
[71, 112, 149]
[59, 134, 204]
[52, 134, 201]
[39, 138, 220]
[48, 122, 222]
[58, 130, 197]
[34, 118, 182]
[51, 130, 305]
[55, 128, 205]
[54, 135, 304]
[49, 120, 188]
[35, 122, 192]
[61, 148, 203]
[59, 140, 177]
[57, 128, 229]
[59, 170, 326]
[58, 125, 220]
[39, 118, 219]
[56, 130, 221]
[67, 152, 212]
[52, 118, 186]
[44, 120, 169]
[63, 140, 187]
[41, 135, 203]
[63, 124, 197]
[65, 160, 360]
[58, 140, 211]
[41, 120, 157]
[35, 138, 183]
[59, 164, 176]
[51, 140, 308]
[68, 144, 193]
[57, 130, 131]
[51, 100, 222]
[39, 140, 321]
[55, 140, 217]
[38, 138, 175]
[52, 120, 325]
[44, 120, 220]
[62, 124, 209]
[39, 94, 199]
[66, 120, 302]
[51, 94, 227]
[29, 130, 204]
[34, 118, 210]
[43, 122, 213]
[47, 112, 204]
[54, 110, 206]
[70, 145, 174]
[62, 140, 394]
[44, 108, 141]
[35, 120, 198]
[59, 140, 221]
[43, 130, 315]
[52, 128, 205]
[52, 134, 201]
[48, 122, 222]
[56, 134, 409]
[34, 118, 182]
[60, 158, 305]
[49, 120, 188]
[59, 140, 177]
[57, 128, 229]
[39, 94, 199]
[39, 118, 219]
[51, 140, 298]
[34, 118, 210]
[52, 118, 186]
[62, 138, 294]
[47, 112, 204]
[54, 110, 206]
[67, 100, 299]
[41, 135, 203]
[44, 108, 141]
[58, 140, 211]
[35, 138, 183]
[64, 180, 325]
[52, 134, 201]
[48, 122, 222]
[64, 140, 313]
[51, 100, 222]
[55, 140, 217]
[34, 118, 182]
[45, 142, 309]
[49, 120, 188]
[44, 120, 220]
[59, 140, 177]
[62, 124, 209]
[57, 128, 229]
[51, 94, 227]
[39, 118, 219]
[29, 130, 204]
[43, 122, 213]
[52, 118, 186]
[70, 145, 174]
[35, 120, 198]
[41, 135, 203]
[58, 140, 211]
[35, 138, 183]
[59, 140, 221]
[52, 128, 205]
[57, 120, 354]
[51, 100, 222]
[55, 140, 217]
[56, 140, 294]
[44, 120, 220]
[62, 124, 209]
[39, 94, 199]
[51, 94, 227]
[29, 130, 204]
[34, 118, 210]
[47, 112, 204]
[43, 122, 213]
[54, 110, 206]
[70, 145, 174]
[44, 108, 141]
[35, 120, 198]
[58, 120, 340]
[59, 140, 221]
[52, 128, 205]
[52, 134, 201]
[48, 122, 222]
[34, 118, 182]
[64, 140, 335]
[49, 120, 188]
[59, 140, 177]
[55, 132, 353]
[57, 128, 229]
[39, 118, 219]
[71, 160, 302]
[52, 118, 186]
[61, 130, 330]
[41, 135, 203]
[58, 140, 211]
[65, 140, 417]
[35, 138, 183]
[51, 100, 222]
[55, 140, 217]
[44, 120, 220]
[62, 124, 209]
[51, 130, 305]
[51, 94, 227]
[29, 130, 204]
[54, 135, 304]
[43, 122, 213]
[70, 145, 174]
[59, 170, 326]
[35, 120, 198]
[59, 140, 221]
[52, 128, 205]
[65, 160, 360]
[51, 140, 308]
[39, 140, 321]
[52, 120, 325]
[66, 120, 302]
[62, 140, 394]
[43, 130, 315]
[56, 134, 409]
[60, 158, 305]
[51, 140, 298]
[62, 138, 294]
[67, 100, 299]
[64, 180, 325]
[64, 140, 313]
[45, 142, 309]
[57, 120, 354]
[56, 140, 294]
[58, 120, 340]
[64, 140, 335]
[55, 132, 353]
[71, 160, 302]
[61, 130, 330]
[65, 140, 417]
[51, 130, 305]
[54, 135, 304]
[59, 170, 326]
[65, 160, 360]
[51, 140, 308]
[39, 140, 321]
[52, 120, 325]
[66, 120, 302]
[62, 140, 394]
[43, 130, 315]
[56, 134, 409]
[60, 158, 305]
[51, 140, 298]
[62, 138, 294]
[67, 100, 299]
[64, 180, 325]
[64, 140, 313]
[45, 142, 309]
[57, 120, 354]
[56, 140, 294]
[58, 120, 340]
[64, 140, 335]
[55, 132, 353]
[71, 160, 302]
[61, 130, 330]
[65, 140, 417]
[51, 130, 305]
[54, 135, 304]
[59, 170, 326]
[65, 160, 360]
[51, 140, 308]
[39, 140, 321]
[52, 120, 325]
[66, 120, 302]
[62, 140, 394]
[43, 130, 315]
[56, 134, 409]
[60, 158, 305]
[51, 140, 298]
[62, 138, 294]
[67, 100, 299]
[64, 180, 325]
[64, 140, 313]
[45, 142, 309]
