[41,112,250]
[45,128,308]
[60,102,318]
[52,152,298]
[42,102,265]
[67,115,564]
[55,160,289]
[64,120,246]
[70,130,322]
[51,140,299]
[58,125,300]
[60,140,293]
[68,118,277]
[46,101,197]
[77,125,304]
[54,110,214]
[58,100,248]
[48,124,255]
[57,132,207]
[52,138,223]
[54,132,288]
[35,126,282]
[66,112,212]
[52,136,196]
[55,180,327]
[49,118,149]
[74,120,269]
[54,160,201]
[54,122,286]
[56,130,283]
[46,120,249]
[49,134,271]
[42,120,295]
[41,110,235]
[41,126,306]
[49,130,269]
[61,134,234]
[60,120,178]
[67,120,237]
[58,100,234]
[47,110,275]
[52,125,212]
[62,128,208]
[57,110,201]
[58,146,218]
[64,128,263]
[51,120,295]
[43,115,303]
[42,120,209]
[67,106,223]
[76,140,197]
[70,156,245]
[57,124,261]
[44,118,242]
[58,136,319]
[60,150,240]
[44,120,226]
[61,138,166]
[42,136,315]
[52,128,204]
[59,126,218]
[40,152,223]
[42,130,180]
[61,140,207]
[66,160,228]
[46,140,311]
[71,112,149]
[59,134,204]
[64,170,227]
[66,146,278]
[39,138,220]
[57,154,232]
[58,130,197]
[57,110,335]
[47,130,253]
[55,128,205]
[35,122,192]
[61,148,203]
[58,114,318]
[58,170,225]
[58,125,220]
[56,130,221]
[56,120,240]
[67,152,212]
[55,132,342]
[44,120,169]
[63,140,187]
[63,124,197]
[41,120,157]
[59,164,176]
[57,140,241]
[45,110,264]
[68,144,193]
[57,130,131]
[57,130,236]
[38,138,175]
[46,138,243]
[64,130,303]
[59,138,271]
[41,112,268]
[54,108,267]
[39,94,199]
[53,123,282]
[63,108,269]
[34,118,210]
[47,112,204]
[67,152,277]
[54,110,206]
[62,130,231]
[44,108,141]
[63,135,252]
[52,128,255]
[59,110,239]
[60,150,258]
[52,134,201]
[48,122,222]
[45,115,260]
[34,118,182]
[57,128,303]
[71,110,265]
[49,120,188]
[54,108,309]
[59,140,177]
[57,128,229]
[61,120,260]
[39,118,219]
[61,145,307]
[56,125,249]
[52,118,186]
[43,132,341]
[62,130,263]
[41,135,203]
[58,140,211]
[35,138,183]
[63,130,330]
[65,135,254]
[48,130,256]
[63,150,407]
[51,100,222]
[55,140,217]
[65,138,282]
[45,130,234]
[56,200,288]
[54,110,239]
[44,120,220]
[62,124,209]
[54,120,258]
[51,94,227]
[29,130,204]
[51,140,261]
[43,122,213]
[55,135,250]
[70,145,174]
[62,120,281]
[35,120,198]
[51,125,245]
[59,140,221]
[59,170,288]
[52,128,205]
[64,125,309]
[58,105,240]
[47,108,243]
[57,165,289]
[46,138,243]
[64,130,303]
[59,138,271]
[41,112,268]
[54,108,267]
[39,94,199]
[53,123,282]
[63,108,269]
[34,118,210]
[47,112,204]
[67,152,277]
[54,110,206]
[62,130,231]
[44,108,141]
[63,135,252]
[52,128,255]
[59,110,239]
[60,150,258]
[52,134,201]
[48,122,222]
[45,115,260]
[34,118,182]
[57,128,303]
[71,110,265]
[49,120,188]
[54,108,309]
[59,140,177]
[57,128,229]
[61,120,260]
[39,118,219]
[61,145,307]
[56,125,249]
[52,118,186]
[43,132,341]
[62,130,263]
[41,135,203]
[58,140,211]
[35,138,183]
[63,130,330]
[65,135,254]
[48,130,256]
[63,150,407]
[51,100,222]
[55,140,217]
[65,138,282]
[45,130,234]
[56,200,288]
[54,110,239]
[44,120,220]
[62,124,209]
[54,120,258]
[51,94,227]
[29,130,204]
[51,140,261]
[43,122,213]
[55,135,250]
[70,145,174]
[62,120,281]
[35,120,198]
[51,125,245]
[59,140,221]
[59,170,288]
[52,128,205]
[64,125,309]
[58,105,240]
[47,108,243]
[57,165,289]
