[46,138,243]
[64,130,303]
[59,138,271]
[41,112,268]
[54,108,267]
[39,94,199]
[53,123,282]
[63,108,269]
[34,118,210]
[47,112,204]
[67,152,277]
[54,110,206]
[62,130,231]
[44,108,141]
[63,135,252]
[52,128,255]
[59,110,239]
[60,150,258]
[52,134,201]
[48,122,222]
[45,115,260]
[34,118,182]
[57,128,303]
[71,110,265]
[49,120,188]
[54,108,309]
[59,140,177]
[57,128,229]
[61,120,260]
[39,118,219]
[61,145,307]
[56,125,249]
[52,118,186]
[43,132,341]
[62,130,263]
[41,135,203]
[58,140,211]
[35,138,183]
[63,130,330]
[65,135,254]
[48,130,256]
[63,150,407]
[51,100,222]
[55,140,217]
[65,138,282]
[45,130,234]
[56,200,288]
[54,110,239]
[44,120,220]
[62,124,209]
[54,120,258]
[51,94,227]
[29,130,204]
[51,140,261]
[43,122,213]
[55,135,250]
[70,145,174]
[62,120,281]
[35,120,198]
[51,125,245]
[59,140,221]
[59,170,288]
[52,128,205]
[64,125,309]
[58,105,240]
[47,108,243]
[57,165,289]
[46,138,243]
[64,130,303]
[59,138,271]
[41,112,268]
[54,108,267]
[39,94,199]
[53,123,282]
[63,108,269]
[34,118,210]
[47,112,204]
[67,152,277]
[54,110,206]
[62,130,231]
[44,108,141]
[63,135,252]
[52,128,255]
[59,110,239]
[60,150,258]
[52,134,201]
[48,122,222]
[45,115,260]
[34,118,182]
[57,128,303]
[71,110,265]
[49,120,188]
[54,108,309]
[59,140,177]
[57,128,229]
[61,120,260]
[39,118,219]
[61,145,307]
[56,125,249]
[52,118,186]
[43,132,341]
[62,130,263]
[41,135,203]
[58,140,211]
[35,138,183]
[63,130,330]
[65,135,254]
[48,130,256]
[63,150,407]
[51,100,222]
[55,140,217]
[65,138,282]
[45,130,234]
[56,200,288]
[54,110,239]
[44,120,220]
[62,124,209]
[54,120,258]
[51,94,227]
[29,130,204]
[51,140,261]
[43,122,213]
[55,135,250]
[70,145,174]
[62,120,281]
[35,120,198]
[51,125,245]
[59,140,221]
[59,170,288]
[52,128,205]
[64,125,309]
[58,105,240]
[47,108,243]
[57,165,289]
[46,138,243]
[64,130,303]
[59,138,271]
[41,112,268]
[54,108,267]
[39,94,199]
[53,123,282]
[63,108,269]
[34,118,210]
[47,112,204]
[67,152,277]
[54,110,206]
[62,130,231]
[44,108,141]
[63,135,252]
[52,128,255]
[59,110,239]
[60,150,258]
[52,134,201]
[48,122,222]
[45,115,260]
[34,118,182]
[57,128,303]
[71,110,265]
[49,120,188]
[54,108,309]
[59,140,177]
[57,128,229]
[61,120,260]
[39,118,219]
[61,145,307]
[56,125,249]
[52,118,186]
[43,132,341]
[62,130,263]
[41,135,203]
[58,140,211]
[35,138,183]
[63,130,330]
[65,135,254]
[48,130,256]
[63,150,407]
[51,100,222]
[55,140,217]
[65,138,282]
[45,130,234]
[56,200,288]
[54,110,239]
[44,120,220]
[62,124,209]
[54,120,258]
[51,94,227]
[29,130,204]
[51,140,261]
[43,122,213]
[55,135,250]
[70,145,174]
[62,120,281]
[35,120,198]
[51,125,245]
[59,140,221]
[59,170,288]
[52,128,205]
[64,125,309]
[58,105,240]
[47,108,243]
[57,165,289]