[63,145,233]
[67,160,286]
[67,120,229]
[37,130,250]
[41,130,204]
[56,120,236]
[62,140,268]
[57,120,354]
[63,130,254]
[53,140,203]
[57,140,192]
[56,140,294]
[56,130,256]
[44,120,263]
[52,172,199]
[57,150,168]
[48,110,229]
[54,140,239]
[48,130,275]
[49,130,266]
[64,110,211]
[58,150,283]
[58,120,284]
[58,132,224]
[60,130,206]
[50,120,219]
[58,120,340]
[66,150,226]
[43,150,247]
[40,110,167]
[69,140,239]
[60,117,230]
[64,140,335]
[59,135,234]
[44,130,233]
[42,140,226]
[43,120,177]
[57,150,276]
[55,132,353]
[61,150,243]
[65,150,225]
[40,140,199]
[71,160,302]
[59,150,212]
[61,130,330]
[58,112,230]
[51,110,175]
[50,150,243]
[65,140,417]
[53,130,197]
[41,105,198]
[65,120,177]
[44,112,290]
[44,130,219]
[60,130,253]
[54,124,266]
[50,140,233]
[41,110,172]
[54,125,273]
[51,125,213]
[51,130,305]
[46,142,177]
[58,128,216]
[54,135,304]
[54,120,188]
[60,145,282]
[60,140,185]
[54,150,232]
[59,170,326]
[46,150,231]
[65,155,269]
[67,125,254]
[62,120,267]
[65,110,248]
[44,110,197]
[65,160,360]
[60,125,258]
[51,140,308]
[48,130,245]
[58,150,270]
[45,104,208]
[53,130,264]
[39,140,321]
[68,180,274]
[52,120,325]
[44,140,235]
[47,138,257]
[53,128,216]
[53,138,234]
[51,130,256]
[66,120,302]
[62,160,164]
[45,112,160]
[70,160,269]
[53,142,226]
[59,174,249]
[62,140,394]
[64,145,212]
[57,152,274]
[52,108,233]
[56,132,184]
[43,130,315]
[53,130,246]
[48,124,274]
[56,134,409]
[42,148,244]
[59,178,270]
[60,158,305]
[63,140,195]
[42,120,240]
[66,160,246]
[54,192,283]
[69,140,254]
[50,129,196]
[51,140,298]
[43,132,247]
[62,138,294]
[68,120,211]
[67,100,299]
[69,160,234]
[45,138,236]
[50,120,244]
[59,160,273]
[50,110,254]
[64,180,325]
[57,150,126]
[64,140,313]
[43,110,211]
[45,142,309]
[58,128,259]
[50,144,200]
[55,130,262]
[62,150,244]
[37,120,215]
[38,120,231]
[41,130,214]
[66,178,228]
[52,112,230]
[56,120,193]
[46,105,204]
[63,145,233]
[67,160,286]
[67,120,229]
[37,130,250]
[41,130,204]
[56,120,236]
[62,140,268]
[57,120,354]
[63,130,254]
[53,140,203]
[57,140,192]
[56,140,294]
[56,130,256]
[44,120,263]
[52,172,199]
[57,150,168]
[48,110,229]
[54,140,239]
[48,130,275]
[49,130,266]
[64,110,211]
[58,150,283]
[58,120,284]
[58,132,224]
[60,130,206]
[50,120,219]
[58,120,340]
[66,150,226]
[43,150,247]
[40,110,167]
[69,140,239]
[60,117,230]
[64,140,335]
[59,135,234]
[44,130,233]
[42,140,226]
[43,120,177]
[57,150,276]
[55,132,353]
[61,150,243]
[65,150,225]
[40,140,199]
[71,160,302]
[59,150,212]
[61,130,330]
[58,112,230]
[51,110,175]
[50,150,243]
[65,140,417]
[53,130,197]
[41,105,198]
[65,120,177]
[44,112,290]
[44,130,219]
[60,130,253]
[54,124,266]
[50,140,233]
[41,110,172]
[54,125,273]
[51,125,213]
[51,130,305]
[46,142,177]
[58,128,216]
[54,135,304]
[54,120,188]
[60,145,282]
[60,140,185]
[54,150,232]
[59,170,326]
[46,150,231]
[65,155,269]
[67,125,254]
[62,120,267]
[65,110,248]
[44,110,197]
[65,160,360]
[60,125,258]
[51,140,308]
[48,130,245]
[58,150,270]
[45,104,208]
[53,130,264]
[39,140,321]
[68,180,274]
[52,120,325]
[44,140,235]
[47,138,257]
[53,128,216]
[53,138,234]
[51,130,256]
[66,120,302]
[62,160,164]
[45,112,160]
[70,160,269]
[53,142,226]
[59,174,249]
[62,140,394]
[64,145,212]
[57,152,274]
[52,108,233]
[56,132,184]
[43,130,315]
[53,130,246]
[48,124,274]
[56,134,409]
[42,148,244]
[59,178,270]
[60,158,305]
[63,140,195]
[42,120,240]
[66,160,246]
[54,192,283]
[69,140,254]
[50,129,196]
[51,140,298]
[43,132,247]
[62,138,294]
[68,120,211]
[67,100,299]
[69,160,234]
[45,138,236]
[50,120,244]
[59,160,273]
[50,110,254]
[64,180,325]
[57,150,126]
[64,140,313]
[43,110,211]
[45,142,309]
[58,128,259]
[50,144,200]
[55,130,262]
[62,150,244]
[37,120,215]
[38,120,231]
[41,130,214]
[66,178,228]
[52,112,230]
[56,120,193]
[46,105,204]
[63,145,233]
[67,160,286]
[67,120,229]
[37,130,250]
[41,130,204]
[56,120,236]
[62,140,268]
[57,120,354]
[63,130,254]
[53,140,203]
[57,140,192]
[56,140,294]
[56,130,256]
[44,120,263]
[52,172,199]
[57,150,168]
[48,110,229]
[54,140,239]
[48,130,275]
[49,130,266]
[64,110,211]
[58,150,283]
[58,120,284]
[58,132,224]
[60,130,206]
[50,120,219]
[58,120,340]
[66,150,226]
[43,150,247]
[40,110,167]
[69,140,239]
[60,117,230]
[64,140,335]
[59,135,234]
[44,130,233]
[42,140,226]
[43,120,177]
[57,150,276]
[55,132,353]
[61,150,243]
[65,150,225]
[40,140,199]
[71,160,302]
[59,150,212]
[61,130,330]
[58,112,230]
[51,110,175]
[50,150,243]
[65,140,417]
[53,130,197]
[41,105,198]
[65,120,177]
[44,112,290]
[44,130,219]
[60,130,253]
[54,124,266]
[50,140,233]
[41,110,172]
[54,125,273]
[51,125,213]
[51,130,305]
[46,142,177]
[58,128,216]
[54,135,304]
[54,120,188]
[60,145,282]
[60,140,185]
[54,150,232]
[59,170,326]
[46,150,231]
[65,155,269]
[67,125,254]
[62,120,267]
[65,110,248]
[44,110,197]
[65,160,360]
[60,125,258]
[51,140,308]
[48,130,245]
[58,150,270]
[45,104,208]
[53,130,264]
[39,140,321]
[68,180,274]
[52,120,325]
[44,140,235]
[47,138,257]
[53,128,216]
[53,138,234]
[51,130,256]
[66,120,302]
[62,160,164]
[45,112,160]
[70,160,269]
[53,142,226]
[59,174,249]
[62,140,394]
[64,145,212]
[57,152,274]
[52,108,233]
[56,132,184]
[43,130,315]
[53,130,246]
[48,124,274]
[56,134,409]
[42,148,244]
[59,178,270]
[60,158,305]
[63,140,195]
[42,120,240]
[66,160,246]
[54,192,283]
[69,140,254]
[50,129,196]
[51,140,298]
[43,132,247]
[62,138,294]
[68,120,211]
[67,100,299]
[69,160,234]
[45,138,236]
[50,120,244]
[59,160,273]
[50,110,254]
[64,180,325]
[57,150,126]
[64,140,313]
[43,110,211]
[45,142,309]
[58,128,259]
[50,144,200]
[55,130,262]
[62,150,244]
[37,120,215]
[38,120,231]
[41,130,214]
[66,178,228]
[52,112,230]
[56,120,193]
[46,105,204]
[63,145,233]
[67,160,286]
[67,120,229]
[37,130,250]
[41,130,204]
[56,120,236]
[62,140,268]
[57,120,354]
[63,130,254]
[53,140,203]
[57,140,192]
[56,140,294]
[56,130,256]
[44,120,263]
[52,172,199]
[57,150,168]
[48,110,229]
[54,140,239]
[48,130,275]
[49,130,266]
[64,110,211]
[58,150,283]
[58,120,284]
[58,132,224]
[60,130,206]
[50,120,219]
[58,120,340]
[66,150,226]
[43,150,247]
[40,110,167]
[69,140,239]
[60,117,230]
[64,140,335]
[59,135,234]
[44,130,233]
[42,140,226]
[43,120,177]
[57,150,276]
[55,132,353]
[61,150,243]
[65,150,225]
[40,140,199]
[71,160,302]
[59,150,212]
[61,130,330]
[58,112,230]
[51,110,175]
[50,150,243]
[65,140,417]
[53,130,197]
[41,105,198]
[65,120,177]
[44,112,290]
[44,130,219]
[60,130,253]
[54,124,266]
[50,140,233]
[41,110,172]
[54,125,273]
[51,125,213]
[51,130,305]
[46,142,177]
[58,128,216]
[54,135,304]
[54,120,188]
[60,145,282]
[60,140,185]
[54,150,232]
[59,170,326]
[46,150,231]
[65,155,269]
[67,125,254]
[62,120,267]
[65,110,248]
[44,110,197]
[65,160,360]
[60,125,258]
[51,140,308]
[48,130,245]
[58,150,270]
[45,104,208]
[53,130,264]
[39,140,321]
[68,180,274]
[52,120,325]
[44,140,235]
[47,138,257]
[53,128,216]
[53,138,234]
[51,130,256]
[66,120,302]
[62,160,164]
[45,112,160]
[70,160,269]
[53,142,226]
[59,174,249]
[62,140,394]
[64,145,212]
[57,152,274]
[52,108,233]
[56,132,184]
[43,130,315]
[53,130,246]
[48,124,274]
[56,134,409]
[42,148,244]
[59,178,270]
[60,158,305]
[63,140,195]
[42,120,240]
[66,160,246]
[54,192,283]
[69,140,254]
[50,129,196]
[51,140,298]
[43,132,247]
[62,138,294]
[68,120,211]
[67,100,299]
[69,160,234]
[45,138,236]
[50,120,244]
[59,160,273]
[50,110,254]
[64,180,325]
[57,150,126]
[64,140,313]
[43,110,211]
[45,142,309]
[58,128,259]
[50,144,200]
[55,130,262]
[62,150,244]
[37,120,215]
[38,120,231]
[41,130,214]
[66,178,228]
[52,112,230]
[56,120,193]
[46,105,204]